Number of Models: 10
Test Accuracies: [89.48058761804828, 77.5183630640084, 81.71563483735572, 82.0828961175236, 88.45750262329486, 87.1196222455404, 77.88562434417628, 77.20356768100734, 77.25603357817418, 75.7607555089192]
Mean Accuracy: 81.44805876180483
Standard Deviation: 5.189334319018197
Total Time: 0:37:27.124908



########## Model 1 ##########

Test Accuracy: 89.48058761804828


|   Epoch |   Train Loss |   Validation Loss |   Train Accuracy |   Validation Accuracy |
|---------|--------------|-------------------|------------------|-----------------------|
|       1 |     1.90932  |          0.804418 |         0.680291 |              0.687339 |
|       2 |     0.592557 |          0.509418 |         0.766074 |              0.76938  |
|       3 |     0.501636 |          0.48815  |         0.771567 |              0.77584  |
|       4 |     0.484895 |          0.519886 |         0.755897 |              0.760982 |
|       5 |     0.487574 |          0.505931 |         0.772859 |              0.760982 |
|       6 |     0.48     |          0.479179 |         0.774475 |              0.77584  |
|       7 |     0.469218 |          0.457305 |         0.810016 |              0.810078 |
|       8 |     0.440197 |          0.405367 |         0.808078 |              0.808786 |
|       9 |     0.419795 |          0.37658  |         0.851858 |              0.845607 |
|      10 |     0.419932 |          0.600981 |         0.784653 |              0.795866 |
|      11 |     0.414966 |          0.343606 |         0.85525  |              0.854005 |
|      12 |     0.351881 |          0.31292  |         0.871729 |              0.872093 |
|      13 |     0.328558 |          0.370795 |         0.847173 |              0.852713 |
|      14 |     0.398857 |          0.354082 |         0.858966 |              0.858527 |
|      15 |     0.325074 |          0.299904 |         0.87399  |              0.868217 |
|      16 |     0.300912 |          0.281887 |         0.884168 |              0.893411 |
|      17 |     0.306168 |          0.286258 |         0.889176 |              0.898579 |
|      18 |     0.330282 |          0.32828  |         0.871244 |              0.866279 |
|      19 |     0.332528 |          0.317856 |         0.870598 |              0.865633 |
|      20 |     0.300738 |          0.280045 |         0.887076 |              0.886305 |
|      21 |     0.295194 |          0.292451 |         0.877706 |              0.885013 |
|      22 |     0.287292 |          0.272546 |         0.895315 |              0.898579 |
|      23 |     0.27983  |          0.27955  |         0.891115 |              0.886305 |
|      24 |     0.286443 |          0.268462 |         0.892569 |              0.885013 |
|      25 |     0.273685 |          0.267752 |         0.884006 |              0.891473 |
|      26 |     0.27504  |          0.267822 |         0.889176 |              0.897933 |
|      27 |     0.302532 |          0.272641 |         0.878837 |              0.883721 |
|      28 |     0.300598 |          0.274573 |         0.885622 |              0.888889 |
|      29 |     0.275739 |          0.263862 |         0.896123 |              0.899871 |
|      30 |     0.272797 |          0.266831 |         0.893215 |              0.896641 |
|      31 |     0.334755 |          0.287448 |         0.890145 |              0.885013 |
|      32 |     0.27798  |          0.269479 |         0.889176 |              0.891473 |
|      33 |     0.280222 |          0.270193 |         0.887884 |              0.897933 |
|      34 |     0.276603 |          0.290009 |         0.882391 |              0.869509 |
|      35 |     0.270863 |          0.279927 |         0.888691 |              0.888889 |
|      36 |     0.267854 |          0.27103  |         0.885945 |              0.890827 |
|      37 |     0.27583  |          0.270973 |         0.8937   |              0.897287 |
|      38 |     0.29547  |          0.262166 |         0.893376 |              0.895995 |
|      39 |     0.26732  |          0.265025 |         0.900808 |              0.900517 |
|      40 |     0.270602 |          0.266333 |         0.886914 |              0.890181 |
|      41 |     0.26698  |          0.29498  |         0.884006 |              0.885013 |
|      42 |     0.283222 |          0.26544  |         0.891761 |              0.885659 |
|      43 |     0.278525 |          0.26904  |         0.898061 |              0.907623 |
|      44 |     0.26808  |          0.255431 |         0.892407 |              0.901163 |
|      45 |     0.270847 |          0.280812 |         0.873021 |              0.878553 |
|      46 |     0.268399 |          0.272205 |         0.888207 |              0.892119 |
|      47 |     0.268231 |          0.263041 |         0.893538 |              0.899225 |
|      48 |     0.263314 |          0.27697  |         0.885945 |              0.894703 |
|      49 |     0.351706 |          0.359373 |         0.857351 |              0.852713 |
|      50 |     0.286938 |          0.334108 |         0.87609  |              0.874031 |
|      51 |     0.27693  |          0.279235 |         0.883037 |              0.877907 |
|      52 |     0.266619 |          0.25367  |         0.898061 |              0.906331 |
|      53 |     0.266986 |          0.272345 |         0.892569 |              0.896641 |
|      54 |     0.266881 |          0.265953 |         0.887237 |              0.885013 |
|      55 |     0.270538 |          0.340191 |         0.871244 |              0.882429 |
|      56 |     0.30506  |          0.267714 |         0.898384 |              0.894057 |
|      57 |     0.267463 |          0.269803 |         0.896123 |              0.899871 |
|      58 |     0.263719 |          0.263624 |         0.895477 |              0.901809 |
|      59 |     0.266526 |          0.260292 |         0.895477 |              0.897933 |
|      60 |     0.267462 |          0.264585 |         0.895961 |              0.900517 |
|      61 |     0.262536 |          0.266941 |         0.894669 |              0.894057 |
|      62 |     0.260926 |          0.263493 |         0.891276 |              0.899225 |
|      63 |     0.264865 |          0.256002 |         0.89483  |              0.892765 |
|      64 |     0.267333 |          0.264174 |         0.894184 |              0.897933 |
|      65 |     0.268366 |          0.268454 |         0.887399 |              0.891473 |
|      66 |     0.266113 |          0.289312 |         0.88433  |              0.880491 |
|      67 |     0.266695 |          0.266193 |         0.892569 |              0.897287 |
|      68 |     0.281298 |          0.272682 |         0.897092 |              0.899225 |
|      69 |     0.263149 |          0.265705 |         0.896607 |              0.897287 |
|      70 |     0.26324  |          0.267699 |         0.897577 |              0.904393 |
|      71 |     0.262164 |          0.256751 |         0.900162 |              0.906331 |
|      72 |     0.258976 |          0.265245 |         0.8979   |              0.893411 |
|      73 |     0.266307 |          0.259807 |         0.890468 |              0.897287 |
|      74 |     0.260798 |          0.263562 |         0.898384 |              0.899225 |
|      75 |     0.261336 |          0.262652 |         0.893538 |              0.902455 |
|      76 |     0.261399 |          0.27665  |         0.886268 |              0.888243 |
|      77 |     0.265796 |          0.257636 |         0.897738 |              0.903747 |
|      78 |     0.259131 |          0.263693 |         0.890953 |              0.895349 |
|      79 |     0.263341 |          0.593012 |         0.861874 |              0.866925 |
|      80 |     0.271243 |          0.264027 |         0.900485 |              0.903101 |
|      81 |     0.257617 |          0.268733 |         0.888853 |              0.897287 |
|      82 |     0.259475 |          0.261559 |         0.894669 |              0.903101 |
|      83 |     0.259036 |          0.26671  |         0.888368 |              0.897933 |
|      84 |     0.270257 |          0.270187 |         0.892084 |              0.894703 |
|      85 |     0.261859 |          0.260839 |         0.896931 |              0.899871 |
|      86 |     0.260763 |          0.253543 |         0.898546 |              0.901163 |
|      87 |     0.257619 |          0.265051 |         0.899031 |              0.895995 |
|      88 |     0.262128 |          0.259119 |         0.891276 |              0.901163 |
|      89 |     0.265747 |          0.262677 |         0.888368 |              0.898579 |
|      90 |     0.25971  |          0.264662 |         0.903231 |              0.910207 |
|      91 |     0.257646 |          0.257326 |         0.890145 |              0.895349 |
|      92 |     0.264893 |          0.263683 |         0.895638 |              0.892765 |
|      93 |     0.29204  |          0.284346 |         0.887722 |              0.886305 |
|      94 |     0.272289 |          0.258101 |         0.893861 |              0.900517 |
|      95 |     0.267315 |          0.267132 |         0.898384 |              0.899225 |
|      96 |     0.258839 |          0.268256 |         0.898708 |              0.905685 |
|      97 |     0.263364 |          0.25501  |         0.896769 |              0.899225 |
|      98 |     0.262301 |          0.265518 |         0.896931 |              0.903101 |
|      99 |     0.259694 |          0.283246 |         0.888045 |              0.877261 |
|     100 |     0.263123 |          0.261643 |         0.896769 |              0.897933 |

########## Model 2 ##########

Test Accuracy: 77.5183630640084


|   Epoch |   Train Loss |   Validation Loss |   Train Accuracy |   Validation Accuracy |
|---------|--------------|-------------------|------------------|-----------------------|
|       1 |     1.4963   |          0.849551 |         0.636834 |              0.642119 |
|       2 |     0.821379 |          0.783941 |         0.673021 |              0.677649 |
|       3 |     0.79863  |          0.766396 |         0.671244 |              0.675065 |
|       4 |     0.789809 |          0.767266 |         0.673667 |              0.683463 |
|       5 |     0.782359 |          0.759288 |         0.670275 |              0.682817 |
|       6 |     0.777463 |          0.754645 |         0.692569 |              0.693152 |
|       7 |     0.745112 |          0.703459 |         0.715186 |              0.72416  |
|       8 |     0.714018 |          0.68517  |         0.735864 |              0.735788 |
|       9 |     0.708545 |          0.693154 |         0.720032 |              0.716408 |
|      10 |     0.740983 |          0.747832 |         0.694184 |              0.684109 |
|      11 |     0.73164  |          0.710553 |         0.714055 |              0.722222 |
|      12 |     0.717902 |          0.751702 |         0.69273  |              0.687339 |
|      13 |     0.703783 |          0.693231 |         0.73021  |              0.733204 |
|      14 |     0.734472 |          0.71338  |         0.707431 |              0.71124  |
|      15 |     0.707631 |          0.717952 |         0.702423 |              0.696382 |
|      16 |     0.663854 |          0.601636 |         0.772859 |              0.781654 |
|      17 |     0.606019 |          0.597349 |         0.777706 |              0.77584  |
|      18 |     0.599468 |          0.621423 |         0.77496  |              0.768734 |
|      19 |     0.621415 |          0.615356 |         0.763005 |              0.76292  |
|      20 |     0.599147 |          0.57093  |         0.776737 |              0.783592 |
|      21 |     0.596833 |          0.709386 |         0.730372 |              0.725452 |
|      22 |     0.616898 |          0.603577 |         0.76769  |              0.770026 |
|      23 |     0.59866  |          0.596047 |         0.768982 |              0.773902 |
|      24 |     0.587524 |          0.573312 |         0.774798 |              0.781654 |
|      25 |     0.57928  |          0.578614 |         0.773344 |              0.77907  |
|      26 |     0.576081 |          0.565009 |         0.784976 |              0.782946 |
|      27 |     0.595981 |          0.577071 |         0.769628 |              0.775194 |
|      28 |     0.580551 |          0.576395 |         0.769628 |              0.773256 |
|      29 |     0.579664 |          0.56325  |         0.772536 |              0.78553  |
|      30 |     0.588304 |          0.56613  |         0.783199 |              0.790698 |
|      31 |     0.574929 |          0.572301 |         0.775929 |              0.777778 |
|      32 |     0.576573 |          0.565589 |         0.776252 |              0.786176 |
|      33 |     0.570757 |          0.558119 |         0.781906 |              0.79199  |
|      34 |     0.573768 |          0.565304 |         0.778675 |              0.783592 |
|      35 |     0.578118 |          0.564808 |         0.780291 |              0.784238 |
|      36 |     0.58335  |          0.579946 |         0.778837 |              0.781654 |
|      37 |     0.584675 |          0.58297  |         0.77706  |              0.771964 |
|      38 |     0.597872 |          0.594073 |         0.772698 |              0.776486 |
|      39 |     0.575767 |          0.558365 |         0.783522 |              0.79199  |
|      40 |     0.648589 |          0.602603 |         0.771244 |              0.766796 |
|      41 |     0.606016 |          0.573163 |         0.780291 |              0.781654 |
|      42 |     0.57492  |          0.572291 |         0.785137 |              0.790052 |
|      43 |     0.570165 |          0.566702 |         0.777221 |              0.777132 |
|      44 |     0.567585 |          0.576423 |         0.782553 |              0.777778 |
|      45 |     0.571872 |          0.562523 |         0.784491 |              0.788114 |
|      46 |     0.573549 |          0.569629 |         0.77399  |              0.786822 |
|      47 |     0.570684 |          0.572004 |         0.785784 |              0.79199  |
|      48 |     0.568461 |          0.590647 |         0.777383 |              0.781008 |
|      49 |     0.568909 |          0.562776 |         0.78546  |              0.786822 |
|      50 |     0.567569 |          0.57347  |         0.778998 |              0.788114 |
|      51 |     0.572072 |          0.572559 |         0.774152 |              0.771318 |
|      52 |     0.588019 |          0.769636 |         0.727141 |              0.74354  |
|      53 |     0.590167 |          0.576768 |         0.783037 |              0.790052 |
|      54 |     0.590925 |          0.589439 |         0.767367 |              0.771318 |
|      55 |     0.598496 |          0.604797 |         0.773344 |              0.77584  |
|      56 |     0.581536 |          0.562571 |         0.780291 |              0.782946 |
|      57 |     0.569781 |          0.564929 |         0.768498 |              0.776486 |
|      58 |     0.57105  |          0.579192 |         0.77916  |              0.783592 |
|      59 |     0.569285 |          0.569155 |         0.778998 |              0.791344 |
|      60 |     0.577901 |          0.565294 |         0.775444 |              0.787468 |
|      61 |     0.568884 |          0.572718 |         0.785622 |              0.792636 |
|      62 |     0.573755 |          0.576928 |         0.774637 |              0.781008 |
|      63 |     0.567289 |          0.569002 |         0.778029 |              0.786176 |
|      64 |     0.570077 |          0.567766 |         0.775121 |              0.784238 |
|      65 |     0.56923  |          0.567646 |         0.776252 |              0.77907  |
|      66 |     0.57488  |          0.568519 |         0.778029 |              0.786822 |
|      67 |     0.567161 |          0.569981 |         0.773183 |              0.78553  |
|      68 |     0.571517 |          0.578146 |         0.784653 |              0.781008 |
|      69 |     0.571862 |          0.569334 |         0.78126  |              0.777778 |
|      70 |     0.571609 |          0.579276 |         0.772375 |              0.774548 |
|      71 |     0.607985 |          0.628043 |         0.760258 |              0.759044 |
|      72 |     0.57768  |          0.575699 |         0.779806 |              0.776486 |
|      73 |     0.573607 |          0.567926 |         0.778514 |              0.786176 |
|      74 |     0.572876 |          0.558945 |         0.786591 |              0.787468 |
|      75 |     0.567424 |          0.571675 |         0.78433  |              0.781008 |
|      76 |     0.570103 |          0.563461 |         0.786591 |              0.789406 |
|      77 |     0.578902 |          0.564665 |         0.778675 |              0.784238 |
|      78 |     0.572035 |          0.565957 |         0.777383 |              0.787468 |
|      79 |     0.571593 |          0.559299 |         0.777706 |              0.78876  |
|      80 |     0.568664 |          0.575942 |         0.778837 |              0.775194 |
|      81 |     0.570717 |          0.570238 |         0.785299 |              0.781654 |
|      82 |     0.570536 |          0.574573 |         0.773021 |              0.782946 |
|      83 |     0.567587 |          0.574473 |         0.781906 |              0.784884 |
|      84 |     0.577994 |          0.567237 |         0.786914 |              0.78876  |
|      85 |     0.566699 |          0.570892 |         0.779968 |              0.791344 |
|      86 |     0.571037 |          0.571122 |         0.784653 |              0.781008 |
|      87 |     0.568473 |          0.567694 |         0.778191 |              0.784238 |
|      88 |     0.568774 |          0.600753 |         0.76042  |              0.76615  |
|      89 |     0.592853 |          0.566824 |         0.782391 |              0.792636 |
|      90 |     0.566816 |          0.567084 |         0.784814 |              0.778424 |
|      91 |     0.566363 |          0.572777 |         0.78126  |              0.783592 |
|      92 |     0.56979  |          0.578059 |         0.786914 |              0.791344 |
|      93 |     0.566618 |          0.575685 |         0.779806 |              0.782946 |
|      94 |     0.569631 |          0.562843 |         0.78643  |              0.786176 |
|      95 |     0.566196 |          0.575577 |         0.782876 |              0.777132 |
|      96 |     0.590416 |          0.567059 |         0.771082 |              0.777778 |
|      97 |     0.569302 |          0.562904 |         0.781906 |              0.788114 |
|      98 |     0.567617 |          0.563868 |         0.779968 |              0.78553  |
|      99 |     0.569026 |          0.589138 |         0.774798 |              0.775194 |
|     100 |     0.573335 |          0.578469 |         0.78336  |              0.782946 |

########## Model 3 ##########

Test Accuracy: 81.71563483735572


|   Epoch |   Train Loss |   Validation Loss |   Train Accuracy |   Validation Accuracy |
|---------|--------------|-------------------|------------------|-----------------------|
|       1 |     1.56752  |          0.846796 |         0.64378  |              0.643411 |
|       2 |     0.766345 |          0.69224  |         0.688207 |              0.693152 |
|       3 |     0.713779 |          0.69016  |         0.70517  |              0.709302 |
|       4 |     0.701348 |          0.670038 |         0.708078 |              0.71124  |
|       5 |     0.700128 |          0.693904 |         0.686914 |              0.689922 |
|       6 |     0.689063 |          0.667248 |         0.709532 |              0.710594 |
|       7 |     0.676786 |          0.629714 |         0.732149 |              0.741602 |
|       8 |     0.603071 |          0.551935 |         0.788045 |              0.782946 |
|       9 |     0.56603  |          0.524175 |         0.794184 |              0.796512 |
|      10 |     0.556443 |          0.501378 |         0.798061 |              0.80491  |
|      11 |     0.50927  |          0.48833  |         0.799192 |              0.810724 |
|      12 |     0.503036 |          0.484956 |         0.812924 |              0.819121 |
|      13 |     0.49516  |          0.490253 |         0.814378 |              0.81137  |
|      14 |     0.491792 |          0.471368 |         0.811955 |              0.817829 |
|      15 |     0.494395 |          0.48236  |         0.80517  |              0.814599 |
|      16 |     0.485185 |          0.474692 |         0.811793 |              0.813953 |
|      17 |     0.495117 |          0.472539 |         0.812439 |              0.810078 |
|      18 |     0.485323 |          0.484721 |         0.814378 |              0.818475 |
|      19 |     0.536514 |          0.503358 |         0.801939 |              0.803618 |
|      20 |     0.495262 |          0.476429 |         0.808724 |              0.808786 |
|      21 |     0.489894 |          0.473456 |         0.80937  |              0.815245 |
|      22 |     0.487948 |          0.489154 |         0.808724 |              0.80491  |
|      23 |     0.483564 |          0.492621 |         0.803231 |              0.809432 |
|      24 |     0.498725 |          0.470367 |         0.815832 |              0.825581 |
|      25 |     0.482403 |          0.473387 |         0.811632 |              0.817829 |
|      26 |     0.483296 |          0.47393  |         0.809047 |              0.809432 |
|      27 |     0.49782  |          0.475606 |         0.81454  |              0.826227 |
|      28 |     0.483248 |          0.474669 |         0.809855 |              0.817183 |
|      29 |     0.483781 |          0.47797  |         0.809047 |              0.80814  |
|      30 |     0.484223 |          0.469266 |         0.819709 |              0.828811 |
|      31 |     0.489959 |          0.475914 |         0.819386 |              0.817829 |
|      32 |     0.494198 |          0.470878 |         0.814055 |              0.822351 |
|      33 |     0.48057  |          0.520844 |         0.7937   |              0.799742 |
|      34 |     0.489964 |          0.483976 |         0.814378 |              0.815245 |
|      35 |     0.481354 |          0.4708   |         0.820032 |              0.822351 |
|      36 |     0.479416 |          0.480405 |         0.81567  |              0.815891 |
|      37 |     0.478259 |          0.476582 |         0.817932 |              0.817829 |
|      38 |     0.480207 |          0.477806 |         0.811147 |              0.812661 |
|      39 |     0.482671 |          0.474799 |         0.807593 |              0.820413 |
|      40 |     0.477382 |          0.475264 |         0.811955 |              0.815891 |
|      41 |     0.500362 |          0.495225 |         0.808562 |              0.803618 |
|      42 |     0.48465  |          0.468615 |         0.817932 |              0.825581 |
|      43 |     0.481599 |          0.468535 |         0.81874  |              0.824289 |
|      44 |     0.480214 |          0.460351 |         0.816317 |              0.822351 |
|      45 |     0.478127 |          0.467857 |         0.817124 |              0.825581 |
|      46 |     0.47424  |          0.465948 |         0.817124 |              0.829457 |
|      47 |     0.483047 |          0.484764 |         0.801777 |              0.810724 |
|      48 |     0.482194 |          0.470755 |         0.819709 |              0.824289 |
|      49 |     0.479343 |          0.474149 |         0.813409 |              0.814599 |
|      50 |     0.47402  |          0.472179 |         0.810016 |              0.813307 |
|      51 |     0.485655 |          0.495526 |         0.80517  |              0.816537 |
|      52 |     0.47839  |          0.482486 |         0.805816 |              0.815891 |
|      53 |     0.482372 |          0.486705 |         0.813086 |              0.815245 |
|      54 |     0.481346 |          0.481289 |         0.806462 |              0.819767 |
|      55 |     0.481772 |          0.477214 |         0.813247 |              0.821059 |
|      56 |     0.475331 |          0.4846   |         0.8042   |              0.813307 |
|      57 |     0.479523 |          0.467425 |         0.819225 |              0.825581 |
|      58 |     0.476296 |          0.47239  |         0.805816 |              0.81137  |
|      59 |     0.476459 |          0.478803 |         0.816801 |              0.816537 |
|      60 |     0.476535 |          0.465442 |         0.815186 |              0.820413 |
|      61 |     0.477759 |          0.457162 |         0.811309 |              0.817829 |
|      62 |     0.474829 |          0.478758 |         0.819709 |              0.822997 |
|      63 |     0.480128 |          0.47671  |         0.809855 |              0.821059 |
|      64 |     0.47722  |          0.476996 |         0.817286 |              0.812661 |
|      65 |     0.485591 |          0.472649 |         0.812924 |              0.822997 |
|      66 |     0.482307 |          0.469779 |         0.824071 |              0.828165 |
|      67 |     0.476343 |          0.471135 |         0.818094 |              0.817183 |
|      68 |     0.472319 |          0.466252 |         0.818901 |              0.824289 |
|      69 |     0.486492 |          0.478786 |         0.81567  |              0.818475 |
|      70 |     0.476045 |          0.485047 |         0.817124 |              0.821059 |
|      71 |     0.474596 |          0.478166 |         0.813247 |              0.812661 |
|      72 |     0.474243 |          0.470404 |         0.810662 |              0.815891 |
|      73 |     0.476461 |          0.466241 |         0.817124 |              0.820413 |
|      74 |     0.473355 |          0.488508 |         0.809208 |              0.817829 |
|      75 |     0.472818 |          0.468716 |         0.822294 |              0.824289 |
|      76 |     0.479264 |          0.474212 |         0.812924 |              0.824289 |
|      77 |     0.477106 |          0.46509  |         0.813893 |              0.815891 |
|      78 |     0.476407 |          0.465722 |         0.815024 |              0.828165 |
|      79 |     0.502691 |          0.468536 |         0.820032 |              0.822351 |
|      80 |     0.473944 |          0.470672 |         0.811955 |              0.814599 |
|      81 |     0.473028 |          0.461946 |         0.818417 |              0.825581 |
|      82 |     0.475379 |          0.474683 |         0.810824 |              0.812661 |
|      83 |     0.476571 |          0.47226  |         0.812439 |              0.816537 |
|      84 |     0.474585 |          0.471651 |         0.81664  |              0.821705 |
|      85 |     0.472523 |          0.468966 |         0.819063 |              0.823643 |
|      86 |     0.473606 |          0.461275 |         0.816963 |              0.822351 |
|      87 |     0.475313 |          0.473696 |         0.807431 |              0.815245 |
|      88 |     0.474177 |          0.479241 |         0.820679 |              0.819767 |
|      89 |     0.471992 |          0.463677 |         0.815832 |              0.824935 |
|      90 |     0.502622 |          0.467302 |         0.81664  |              0.815891 |
|      91 |     0.472496 |          0.467074 |         0.811309 |              0.815245 |
|      92 |     0.528438 |          0.542125 |         0.775767 |              0.790052 |
|      93 |     0.480038 |          0.473704 |         0.813086 |              0.824289 |
|      94 |     0.473924 |          0.469593 |         0.81664  |              0.822997 |
|      95 |     0.472307 |          0.473587 |         0.823263 |              0.824935 |
|      96 |     0.473143 |          0.468063 |         0.808885 |              0.81137  |
|      97 |     0.470851 |          0.482423 |         0.814701 |              0.817829 |
|      98 |     0.476005 |          0.465977 |         0.818901 |              0.826227 |
|      99 |     0.46945  |          0.469187 |         0.820517 |              0.821705 |
|     100 |     0.471828 |          0.467555 |         0.822294 |              0.828811 |

########## Model 4 ##########

Test Accuracy: 82.0828961175236


|   Epoch |   Train Loss |   Validation Loss |   Train Accuracy |   Validation Accuracy |
|---------|--------------|-------------------|------------------|-----------------------|
|       1 |     1.51497  |          1.11404  |         0.684168 |              0.694444 |
|       2 |     1.08763  |          1.0551   |         0.689338 |              0.694444 |
|       3 |     1.06638  |          1.0283   |         0.684976 |              0.689922 |
|       4 |     1.04191  |          1.05348  |         0.678837 |              0.689922 |
|       5 |     1.0278   |          0.995713 |         0.692084 |              0.702842 |
|       6 |     1.01453  |          0.996235 |         0.685137 |              0.689922 |
|       7 |     1.01145  |          0.97483  |         0.68853  |              0.697674 |
|       8 |     0.999595 |          0.957692 |         0.687237 |              0.697028 |
|       9 |     0.960378 |          0.921406 |         0.692569 |              0.706072 |
|      10 |     0.944968 |          0.908297 |         0.690468 |              0.699612 |
|      11 |     0.936256 |          0.922453 |         0.692569 |              0.70478  |
|      12 |     0.929924 |          0.911736 |         0.690307 |              0.702196 |
|      13 |     0.940975 |          0.909205 |         0.692892 |              0.703488 |
|      14 |     0.924905 |          0.910886 |         0.688691 |              0.693798 |
|      15 |     0.942667 |          0.916122 |         0.686591 |              0.697674 |
|      16 |     0.924088 |          0.914452 |         0.691276 |              0.702842 |
|      17 |     0.917034 |          0.884898 |         0.686268 |              0.69186  |
|      18 |     0.907329 |          0.883105 |         0.692569 |              0.703488 |
|      19 |     0.901161 |          0.889258 |         0.697254 |              0.70801  |
|      20 |     0.907857 |          0.923635 |         0.694669 |              0.705426 |
|      21 |     0.911465 |          0.87621  |         0.697738 |              0.708656 |
|      22 |     0.902711 |          0.872717 |         0.698061 |              0.707364 |
|      23 |     0.902428 |          0.879599 |         0.694507 |              0.705426 |
|      24 |     0.900444 |          0.889699 |         0.696284 |              0.705426 |
|      25 |     0.905178 |          0.89219  |         0.689015 |              0.692506 |
|      26 |     0.899675 |          0.88434  |         0.698546 |              0.709302 |
|      27 |     0.897931 |          0.887452 |         0.694184 |              0.703488 |
|      28 |     0.899892 |          0.873231 |         0.696769 |              0.706718 |
|      29 |     0.894364 |          0.886801 |         0.690145 |              0.694444 |
|      30 |     0.898379 |          0.883126 |         0.6979   |              0.70801  |
|      31 |     0.894372 |          0.88155  |         0.699838 |              0.709302 |
|      32 |     0.896468 |          0.882223 |         0.696931 |              0.704134 |
|      33 |     0.909197 |          0.893348 |         0.699354 |              0.710594 |
|      34 |     0.905744 |          0.88469  |         0.6958   |              0.70478  |
|      35 |     0.894283 |          0.875912 |         0.698546 |              0.70801  |
|      36 |     0.898198 |          0.872908 |         0.696607 |              0.707364 |
|      37 |     0.897967 |          0.884588 |         0.691438 |              0.697028 |
|      38 |     0.893997 |          0.870982 |         0.696123 |              0.706072 |
|      39 |     0.901291 |          0.884929 |         0.696769 |              0.70801  |
|      40 |     0.898972 |          0.873529 |         0.692569 |              0.702842 |
|      41 |     0.894314 |          0.897048 |         0.685784 |              0.694444 |
|      42 |     0.899565 |          0.879677 |         0.699677 |              0.708656 |
|      43 |     0.894588 |          0.880642 |         0.696446 |              0.707364 |
|      44 |     0.901209 |          0.915716 |         0.695153 |              0.705426 |
|      45 |     0.909115 |          0.878158 |         0.696284 |              0.706072 |
|      46 |     0.895833 |          0.874844 |         0.694346 |              0.705426 |
|      47 |     0.898666 |          0.885415 |         0.704039 |              0.713824 |
|      48 |     0.892264 |          0.883841 |         0.697577 |              0.707364 |
|      49 |     0.900734 |          0.881419 |         0.699838 |              0.709948 |
|      50 |     0.892788 |          0.89426  |         0.692569 |              0.702842 |
|      51 |     0.893809 |          0.874705 |         0.6937   |              0.70478  |
|      52 |     0.899229 |          0.870456 |         0.699192 |              0.709302 |
|      53 |     0.897923 |          0.89131  |         0.695153 |              0.703488 |
|      54 |     0.892934 |          0.872215 |         0.703554 |              0.712532 |
|      55 |     0.892764 |          0.868442 |         0.695477 |              0.70478  |
|      56 |     0.904335 |          0.874094 |         0.696446 |              0.706072 |
|      57 |     0.895076 |          0.878432 |         0.701454 |              0.71124  |
|      58 |     0.892377 |          0.887984 |         0.702746 |              0.71124  |
|      59 |     0.889925 |          0.88013  |         0.701131 |              0.710594 |
|      60 |     0.88827  |          0.879701 |         0.699031 |              0.707364 |
|      61 |     0.8936   |          0.879394 |         0.703231 |              0.710594 |
|      62 |     0.890513 |          0.877358 |         0.700485 |              0.709302 |
|      63 |     0.892645 |          0.864853 |         0.700323 |              0.707364 |
|      64 |     0.892038 |          0.882959 |         0.6979   |              0.70478  |
|      65 |     0.893596 |          0.875907 |         0.696607 |              0.70478  |
|      66 |     0.892008 |          0.886771 |         0.703069 |              0.71124  |
|      67 |     0.826907 |          0.495172 |         0.810016 |              0.810078 |
|      68 |     0.506771 |          0.469272 |         0.815994 |              0.820413 |
|      69 |     0.476967 |          0.464064 |         0.825525 |              0.832687 |
|      70 |     0.475851 |          0.46372  |         0.822779 |              0.826227 |
|      71 |     0.474418 |          0.508416 |         0.808724 |              0.802326 |
|      72 |     0.473551 |          0.484746 |         0.813247 |              0.819121 |
|      73 |     0.473236 |          0.470921 |         0.817609 |              0.820413 |
|      74 |     0.470534 |          0.464279 |         0.823263 |              0.818475 |
|      75 |     0.473581 |          0.468828 |         0.822779 |              0.826873 |
|      76 |     0.472133 |          0.469684 |         0.822779 |              0.826227 |
|      77 |     0.469563 |          0.474674 |         0.825848 |              0.833979 |
|      78 |     0.484564 |          0.461072 |         0.822456 |              0.824935 |
|      79 |     0.476278 |          0.477135 |         0.808885 |              0.810078 |
|      80 |     0.469388 |          0.467587 |         0.829564 |              0.832687 |
|      81 |     0.472533 |          0.481586 |         0.820517 |              0.822351 |
|      82 |     0.470309 |          0.466582 |         0.820679 |              0.826873 |
|      83 |     0.471144 |          0.469187 |         0.828271 |              0.827519 |
|      84 |     0.470411 |          0.472423 |         0.821486 |              0.824935 |
|      85 |     0.470259 |          0.468915 |         0.824879 |              0.820413 |
|      86 |     0.470315 |          0.486691 |         0.821809 |              0.816537 |
|      87 |     0.469945 |          0.470224 |         0.826656 |              0.824289 |
|      88 |     0.478168 |          0.473008 |         0.821486 |              0.825581 |
|      89 |     0.474113 |          0.457375 |         0.831179 |              0.828165 |
|      90 |     0.466442 |          0.459661 |         0.825848 |              0.833333 |
|      91 |     0.47014  |          0.474699 |         0.820355 |              0.821705 |
|      92 |     0.470128 |          0.458633 |         0.830372 |              0.826227 |
|      93 |     0.466583 |          0.466346 |         0.823748 |              0.824935 |
|      94 |     0.489291 |          0.471214 |         0.817447 |              0.824289 |
|      95 |     0.467634 |          0.470677 |         0.82601  |              0.828811 |
|      96 |     0.470304 |          0.466975 |         0.827948 |              0.832687 |
|      97 |     0.471839 |          0.465692 |         0.828271 |              0.829457 |
|      98 |     0.470842 |          0.463236 |         0.828756 |              0.829457 |
|      99 |     0.468822 |          0.459358 |         0.824879 |              0.830103 |
|     100 |     0.469293 |          0.467423 |         0.822456 |              0.829457 |

########## Model 5 ##########

Test Accuracy: 88.45750262329486


|   Epoch |   Train Loss |   Validation Loss |   Train Accuracy |   Validation Accuracy |
|---------|--------------|-------------------|------------------|-----------------------|
|       1 |     1.28222  |          0.730353 |         0.750565 |              0.750646 |
|       2 |     0.679386 |          0.642499 |         0.765105 |              0.767442 |
|       3 |     0.658365 |          0.641081 |         0.783037 |              0.77907  |
|       4 |     0.648678 |          0.627724 |         0.782068 |              0.786176 |
|       5 |     0.625889 |          0.59145  |         0.816155 |              0.815245 |
|       6 |     0.613944 |          0.568535 |         0.801454 |              0.802972 |
|       7 |     0.595324 |          0.615986 |         0.795153 |              0.78553  |
|       8 |     0.512806 |          0.449104 |         0.840872 |              0.831395 |
|       9 |     0.461978 |          0.433754 |         0.848304 |              0.841731 |
|      10 |     0.44489  |          0.476078 |         0.844911 |              0.841731 |
|      11 |     0.460223 |          0.440795 |         0.839742 |              0.829457 |
|      12 |     0.437524 |          0.445338 |         0.839095 |              0.835917 |
|      13 |     0.452999 |          0.430161 |         0.84378  |              0.841731 |
|      14 |     0.439564 |          0.415108 |         0.84895  |              0.848837 |
|      15 |     0.422458 |          0.412423 |         0.844426 |              0.852067 |
|      16 |     0.443871 |          0.434856 |         0.849596 |              0.850775 |
|      17 |     0.443206 |          0.411743 |         0.847496 |              0.840439 |
|      18 |     0.438489 |          0.434699 |         0.843457 |              0.841085 |
|      19 |     0.428704 |          0.422331 |         0.852989 |              0.843669 |
|      20 |     0.425881 |          0.416451 |         0.851535 |              0.847545 |
|      21 |     0.425914 |          0.42766  |         0.847496 |              0.849483 |
|      22 |     0.430844 |          0.428172 |         0.842488 |              0.845607 |
|      23 |     0.436221 |          0.42473  |         0.847334 |              0.848191 |
|      24 |     0.430675 |          0.430716 |         0.836187 |              0.833333 |
|      25 |     0.432659 |          0.459008 |         0.83021  |              0.823643 |
|      26 |     0.43809  |          0.422705 |         0.846365 |              0.848191 |
|      27 |     0.437442 |          0.434829 |         0.838126 |              0.831395 |
|      28 |     0.430882 |          0.432968 |         0.847011 |              0.848191 |
|      29 |     0.475958 |          0.458996 |         0.833441 |              0.836563 |
|      30 |     0.443291 |          0.432341 |         0.845719 |              0.835917 |
|      31 |     0.435757 |          0.420079 |         0.847981 |              0.844961 |
|      32 |     0.429366 |          0.434331 |         0.832956 |              0.824935 |
|      33 |     0.431004 |          0.430348 |         0.833926 |              0.840439 |
|      34 |     0.43313  |          0.431088 |         0.842649 |              0.835917 |
|      35 |     0.430411 |          0.407998 |         0.856543 |              0.855943 |
|      36 |     0.471458 |          0.438519 |         0.845234 |              0.847545 |
|      37 |     0.443987 |          0.431118 |         0.843942 |              0.837209 |
|      38 |     0.431538 |          0.433959 |         0.844588 |              0.845607 |
|      39 |     0.437008 |          0.421401 |         0.851212 |              0.853359 |
|      40 |     0.434302 |          0.422057 |         0.847658 |              0.843669 |
|      41 |     0.429338 |          0.425476 |         0.848788 |              0.852067 |
|      42 |     0.436422 |          0.440614 |         0.839742 |              0.840439 |
|      43 |     0.445076 |          0.418887 |         0.855574 |              0.854005 |
|      44 |     0.434104 |          0.423901 |         0.850727 |              0.847545 |
|      45 |     0.4317   |          0.436263 |         0.836511 |              0.830103 |
|      46 |     0.432832 |          0.421889 |         0.85105  |              0.848191 |
|      47 |     0.430423 |          0.414213 |         0.852827 |              0.852713 |
|      48 |     0.433229 |          0.430042 |         0.850081 |              0.848191 |
|      49 |     0.430144 |          0.44649  |         0.824394 |              0.829457 |
|      50 |     0.431633 |          0.418431 |         0.845073 |              0.844961 |
|      51 |     0.427664 |          0.420291 |         0.849273 |              0.848191 |
|      52 |     0.429676 |          0.421367 |         0.849111 |              0.850775 |
|      53 |     0.429139 |          0.422147 |         0.847496 |              0.848191 |
|      54 |     0.430795 |          0.553524 |         0.821325 |              0.823643 |
|      55 |     0.445857 |          0.423644 |         0.848304 |              0.846253 |
|      56 |     0.433274 |          0.424764 |         0.843942 |              0.840439 |
|      57 |     0.427283 |          0.440713 |         0.831664 |              0.832687 |
|      58 |     0.428101 |          0.413703 |         0.847819 |              0.846253 |
|      59 |     0.432274 |          0.424319 |         0.844265 |              0.835917 |
|      60 |     0.429782 |          0.432017 |         0.843457 |              0.843023 |
|      61 |     0.425435 |          0.415212 |         0.85315  |              0.849483 |
|      62 |     0.432223 |          0.419619 |         0.841842 |              0.836563 |
|      63 |     0.431008 |          0.44635  |         0.832956 |              0.838501 |
|      64 |     0.42963  |          0.422404 |         0.841195 |              0.837855 |
|      65 |     0.441989 |          0.416031 |         0.852504 |              0.848837 |
|      66 |     0.429293 |          0.428953 |         0.841034 |              0.844961 |
|      67 |     0.427802 |          0.438892 |         0.844588 |              0.846899 |
|      68 |     0.426446 |          0.435054 |         0.838288 |              0.833333 |
|      69 |     0.427046 |          0.423671 |         0.846042 |              0.848837 |
|      70 |     0.429121 |          0.425553 |         0.852989 |              0.849483 |
|      71 |     0.426668 |          0.423567 |         0.842165 |              0.848837 |
|      72 |     0.425208 |          0.416083 |         0.850889 |              0.846899 |
|      73 |     0.422818 |          0.435932 |         0.836995 |              0.840439 |
|      74 |     0.430148 |          0.417983 |         0.843134 |              0.852713 |
|      75 |     0.426653 |          0.426666 |         0.849919 |              0.835917 |
|      76 |     0.424024 |          0.426039 |         0.84895  |              0.844315 |
|      77 |     0.423905 |          0.422963 |         0.842488 |              0.837209 |
|      78 |     0.424969 |          0.428587 |         0.849111 |              0.842377 |
|      79 |     0.427132 |          0.418775 |         0.850242 |              0.848837 |
|      80 |     0.426917 |          0.418789 |         0.849596 |              0.848837 |
|      81 |     0.425803 |          0.414769 |         0.850565 |              0.850775 |
|      82 |     0.424073 |          0.416358 |         0.847334 |              0.846253 |
|      83 |     0.434951 |          0.440097 |         0.837641 |              0.835271 |
|      84 |     0.370375 |          0.251266 |         0.879806 |              0.881783 |
|      85 |     0.230799 |          0.209405 |         0.894669 |              0.889535 |
|      86 |     0.21895  |          0.213757 |         0.892084 |              0.884367 |
|      87 |     0.205179 |          0.192362 |         0.898869 |              0.895349 |
|      88 |     0.195882 |          0.192952 |         0.904847 |              0.905685 |
|      89 |     0.198287 |          0.200619 |         0.895315 |              0.893411 |
|      90 |     0.198529 |          0.195921 |         0.902746 |              0.902455 |
|      91 |     0.194342 |          0.198787 |         0.895315 |              0.899871 |
|      92 |     0.194423 |          0.203252 |         0.901777 |              0.899871 |
|      93 |     0.198036 |          0.201405 |         0.891922 |              0.891473 |
|      94 |     0.196559 |          0.195586 |         0.900162 |              0.904393 |
|      95 |     0.199998 |          0.197242 |         0.902585 |              0.899225 |
|      96 |     0.19516  |          0.20031  |         0.894184 |              0.891473 |
|      97 |     0.190727 |          0.201568 |         0.897738 |              0.888889 |
|      98 |     0.191661 |          0.222636 |         0.887884 |              0.880491 |
|      99 |     0.195325 |          0.197305 |         0.903069 |              0.901163 |
|     100 |     0.195968 |          0.20409  |         0.897577 |              0.893411 |

########## Model 6 ##########

Test Accuracy: 87.1196222455404


|   Epoch |   Train Loss |   Validation Loss |   Train Accuracy |   Validation Accuracy |
|---------|--------------|-------------------|------------------|-----------------------|
|       1 |     1.27419  |          0.655886 |         0.750404 |              0.750646 |
|       2 |     0.619649 |          0.572103 |         0.772536 |              0.77907  |
|       3 |     0.59733  |          0.569406 |         0.795638 |              0.793928 |
|       4 |     0.583982 |          0.571546 |         0.781906 |              0.789406 |
|       5 |     0.586683 |          0.611531 |         0.76462  |              0.75323  |
|       6 |     0.587876 |          0.613462 |         0.748304 |              0.754522 |
|       7 |     0.579425 |          0.580819 |         0.78126  |              0.77907  |
|       8 |     0.581002 |          0.567373 |         0.789984 |              0.792636 |
|       9 |     0.566319 |          0.668457 |         0.741195 |              0.750646 |
|      10 |     0.54888  |          0.475801 |         0.855412 |              0.859173 |
|      11 |     0.501212 |          0.475706 |         0.857027 |              0.853359 |
|      12 |     0.422074 |          0.3948   |         0.867851 |              0.866279 |
|      13 |     0.451903 |          0.388184 |         0.866236 |              0.863695 |
|      14 |     0.395684 |          0.408496 |         0.856704 |              0.854651 |
|      15 |     0.391728 |          0.388244 |         0.85525  |              0.859819 |
|      16 |     0.379811 |          0.413673 |         0.855089 |              0.859173 |
|      17 |     0.397574 |          0.36474  |         0.87399  |              0.879199 |
|      18 |     0.379971 |          0.368399 |         0.869305 |              0.870801 |
|      19 |     0.376455 |          0.375321 |         0.86252  |              0.863695 |
|      20 |     0.376414 |          0.373388 |         0.870921 |              0.869509 |
|      21 |     0.382164 |          0.396598 |         0.856866 |              0.854651 |
|      22 |     0.384028 |          0.374749 |         0.865105 |              0.865633 |
|      23 |     0.381381 |          0.371677 |         0.872052 |              0.866925 |
|      24 |     0.409363 |          0.57433  |         0.821486 |              0.814599 |
|      25 |     0.400318 |          0.364244 |         0.864297 |              0.866925 |
|      26 |     0.377304 |          0.36927  |         0.867528 |              0.868863 |
|      27 |     0.376025 |          0.366945 |         0.874637 |              0.877907 |
|      28 |     0.375043 |          0.374015 |         0.872052 |              0.871447 |
|      29 |     0.374998 |          0.368774 |         0.86559  |              0.867571 |
|      30 |     0.384616 |          0.383416 |         0.870113 |              0.865633 |
|      31 |     0.375426 |          0.363756 |         0.868821 |              0.862403 |
|      32 |     0.371041 |          0.364588 |         0.870921 |              0.876615 |
|      33 |     0.370785 |          0.387468 |         0.869144 |              0.864987 |
|      34 |     0.412238 |          0.330644 |         0.886268 |              0.892119 |
|      35 |     0.330033 |          0.262597 |         0.891599 |              0.898579 |
|      36 |     0.278889 |          0.271392 |         0.894992 |              0.892765 |
|      37 |     0.277716 |          0.272698 |         0.893053 |              0.895349 |
|      38 |     0.272203 |          0.271398 |         0.886107 |              0.885013 |
|      39 |     0.270002 |          0.266967 |         0.891599 |              0.893411 |
|      40 |     0.303063 |          0.366217 |         0.850565 |              0.848837 |
|      41 |     0.281202 |          0.260544 |         0.899031 |              0.901163 |
|      42 |     0.281485 |          0.2672   |         0.894184 |              0.892765 |
|      43 |     0.27247  |          0.261479 |         0.89483  |              0.902455 |
|      44 |     0.272079 |          0.255963 |         0.894346 |              0.905039 |
|      45 |     0.269129 |          0.255549 |         0.896769 |              0.901163 |
|      46 |     0.267817 |          0.281118 |         0.884976 |              0.885659 |
|      47 |     0.26791  |          0.265983 |         0.888691 |              0.895995 |
|      48 |     0.267362 |          0.258573 |         0.898061 |              0.905685 |
|      49 |     0.27001  |          0.275148 |         0.890307 |              0.892765 |
|      50 |     0.263508 |          0.274587 |         0.883683 |              0.889535 |
|      51 |     0.288703 |          0.267471 |         0.894992 |              0.895995 |
|      52 |     0.27417  |          0.281864 |         0.883683 |              0.890827 |
|      53 |     0.267752 |          0.262521 |         0.8958   |              0.902455 |
|      54 |     0.263377 |          0.26437  |         0.885945 |              0.886951 |
|      55 |     0.266751 |          0.282558 |         0.885299 |              0.894703 |
|      56 |     0.278425 |          0.265513 |         0.890792 |              0.895995 |
|      57 |     0.269185 |          0.253316 |         0.895315 |              0.899225 |
|      58 |     0.266134 |          0.262902 |         0.888368 |              0.897933 |
|      59 |     0.265923 |          0.262867 |         0.897254 |              0.902455 |
|      60 |     0.264826 |          0.263696 |         0.896123 |              0.898579 |
|      61 |     0.2674   |          0.265541 |         0.899192 |              0.899871 |
|      62 |     0.26165  |          0.272007 |         0.893215 |              0.895995 |
|      63 |     0.26291  |          0.257541 |         0.895961 |              0.906331 |
|      64 |     0.29642  |          0.281629 |         0.876575 |              0.879845 |
|      65 |     0.263888 |          0.263663 |         0.894992 |              0.894703 |
|      66 |     0.264102 |          0.25151  |         0.897738 |              0.902455 |
|      67 |     0.260721 |          0.256945 |         0.897092 |              0.901163 |
|      68 |     0.264419 |          0.265423 |         0.898384 |              0.897933 |
|      69 |     0.26435  |          0.260951 |         0.900323 |              0.903747 |
|      70 |     0.262245 |          0.266442 |         0.903069 |              0.903101 |
|      71 |     0.260222 |          0.2674   |         0.893053 |              0.899871 |
|      72 |     0.261229 |          0.264868 |         0.896123 |              0.897287 |
|      73 |     0.269936 |          0.27494  |         0.88643  |              0.887597 |
|      74 |     0.263577 |          0.257138 |         0.898223 |              0.899871 |
|      75 |     0.265331 |          0.282919 |         0.882714 |              0.890827 |
|      76 |     0.265384 |          0.255899 |         0.898223 |              0.903101 |
|      77 |     0.262277 |          0.255867 |         0.900323 |              0.905039 |
|      78 |     0.264014 |          0.27059  |         0.89273  |              0.893411 |
|      79 |     0.259797 |          0.262543 |         0.896607 |              0.898579 |
|      80 |     0.266379 |          0.252452 |         0.901131 |              0.904393 |
|      81 |     0.292926 |          0.335628 |         0.865428 |              0.870155 |
|      82 |     0.286578 |          0.266679 |         0.892246 |              0.897933 |
|      83 |     0.263518 |          0.264181 |         0.889984 |              0.892119 |
|      84 |     0.261698 |          0.262203 |         0.900162 |              0.899871 |
|      85 |     0.26461  |          0.274992 |         0.8937   |              0.887597 |
|      86 |     0.261507 |          0.255709 |         0.901616 |              0.908915 |
|      87 |     0.268617 |          0.26827  |         0.898546 |              0.901809 |
|      88 |     0.265308 |          0.255671 |         0.900969 |              0.908269 |
|      89 |     0.261122 |          0.255582 |         0.899354 |              0.897933 |
|      90 |     0.258619 |          0.257321 |         0.903716 |              0.904393 |
|      91 |     0.258838 |          0.270675 |         0.892246 |              0.892119 |
|      92 |     0.261649 |          0.266284 |         0.891438 |              0.890181 |
|      93 |     0.262302 |          0.260519 |         0.896931 |              0.891473 |
|      94 |     0.257712 |          0.267819 |         0.897577 |              0.894057 |
|      95 |     0.262184 |          0.264255 |         0.897738 |              0.901163 |
|      96 |     0.261321 |          0.258923 |         0.900808 |              0.905685 |
|      97 |     0.260972 |          0.257318 |         0.9      |              0.904393 |
|      98 |     0.259382 |          0.259043 |         0.898223 |              0.906331 |
|      99 |     0.259163 |          0.256481 |         0.8958   |              0.905039 |
|     100 |     0.273122 |          0.300163 |         0.882068 |              0.880491 |

########## Model 7 ##########

Test Accuracy: 77.88562434417628


|   Epoch |   Train Loss |   Validation Loss |   Train Accuracy |   Validation Accuracy |
|---------|--------------|-------------------|------------------|-----------------------|
|       1 |     1.39191  |          0.911513 |         0.708401 |              0.718992 |
|       2 |     0.875582 |          0.853731 |         0.711309 |              0.713178 |
|       3 |     0.85479  |          0.805693 |         0.71874  |              0.719638 |
|       4 |     0.82985  |          0.806361 |         0.72811  |              0.735788 |
|       5 |     0.821567 |          0.816898 |         0.717124 |              0.72416  |
|       6 |     0.806098 |          0.807673 |         0.719386 |              0.73062  |
|       7 |     0.811031 |          0.807728 |         0.724071 |              0.724806 |
|       8 |     0.803102 |          0.79596  |         0.731018 |              0.735142 |
|       9 |     0.802755 |          0.784812 |         0.735541 |              0.747416 |
|      10 |     0.79991  |          0.778952 |         0.738611 |              0.739018 |
|      11 |     0.799198 |          0.8212   |         0.728271 |              0.737726 |
|      12 |     0.804767 |          0.786759 |         0.735057 |              0.741602 |
|      13 |     0.793452 |          0.776646 |         0.73748  |              0.740956 |
|      14 |     0.805486 |          0.799949 |         0.729725 |              0.73385  |
|      15 |     0.78874  |          0.761122 |         0.739418 |              0.747416 |
|      16 |     0.762604 |          0.730723 |         0.752342 |              0.75646  |
|      17 |     0.747265 |          0.732708 |         0.763489 |              0.770672 |
|      18 |     0.725938 |          0.701633 |         0.769628 |              0.776486 |
|      19 |     0.721598 |          0.701294 |         0.772213 |              0.777132 |
|      20 |     0.766581 |          0.807977 |         0.736511 |              0.746124 |
|      21 |     0.747294 |          0.744334 |         0.755897 |              0.763566 |
|      22 |     0.71749  |          0.691449 |         0.775121 |              0.783592 |
|      23 |     0.718743 |          0.697252 |         0.768659 |              0.778424 |
|      24 |     0.703137 |          0.686626 |         0.774798 |              0.781008 |
|      25 |     0.690391 |          0.666756 |         0.77916  |              0.788114 |
|      26 |     0.688973 |          0.675128 |         0.775121 |              0.77907  |
|      27 |     0.686981 |          0.677977 |         0.780614 |              0.78876  |
|      28 |     0.682839 |          0.675513 |         0.777544 |              0.78553  |
|      29 |     0.684049 |          0.663822 |         0.783522 |              0.790698 |
|      30 |     0.685942 |          0.668898 |         0.781422 |              0.788114 |
|      31 |     0.68912  |          0.670358 |         0.782876 |              0.790052 |
|      32 |     0.678733 |          0.673878 |         0.777868 |              0.781654 |
|      33 |     0.732487 |          0.701753 |         0.776414 |              0.781654 |
|      34 |     0.703342 |          0.676494 |         0.777221 |              0.786822 |
|      35 |     0.683439 |          0.666871 |         0.780614 |              0.78876  |
|      36 |     0.681469 |          0.658517 |         0.780775 |              0.788114 |
|      37 |     0.683024 |          0.672481 |         0.780129 |              0.782946 |
|      38 |     0.681528 |          0.674045 |         0.778514 |              0.779716 |
|      39 |     0.682263 |          0.687212 |         0.776252 |              0.781654 |
|      40 |     0.679892 |          0.663019 |         0.782068 |              0.78876  |
|      41 |     0.680781 |          0.679988 |         0.783522 |              0.789406 |
|      42 |     0.679775 |          0.681939 |         0.780291 |              0.786822 |
|      43 |     0.682052 |          0.661262 |         0.783522 |              0.791344 |
|      44 |     0.67957  |          0.673519 |         0.775444 |              0.781008 |
|      45 |     0.678983 |          0.672113 |         0.784976 |              0.791344 |
|      46 |     0.68181  |          0.669467 |         0.783683 |              0.790052 |
|      47 |     0.693289 |          0.678294 |         0.77706  |              0.783592 |
|      48 |     0.683289 |          0.678979 |         0.784976 |              0.791344 |
|      49 |     0.680805 |          0.672356 |         0.779806 |              0.7823   |
|      50 |     0.684639 |          0.660961 |         0.782229 |              0.788114 |
|      51 |     0.680279 |          0.668761 |         0.782553 |              0.790052 |
|      52 |     0.678866 |          0.679331 |         0.780775 |              0.788114 |
|      53 |     0.681207 |          0.666986 |         0.779806 |              0.784884 |
|      54 |     0.677101 |          0.669504 |         0.785137 |              0.791344 |
|      55 |     0.681551 |          0.684529 |         0.778514 |              0.786176 |
|      56 |     0.683467 |          0.670055 |         0.782229 |              0.781654 |
|      57 |     0.682329 |          0.675818 |         0.783199 |              0.790052 |
|      58 |     0.680328 |          0.682533 |         0.779968 |              0.787468 |
|      59 |     0.681243 |          0.671502 |         0.783845 |              0.789406 |
|      60 |     0.676391 |          0.666832 |         0.783199 |              0.790698 |
|      61 |     0.679643 |          0.670758 |         0.780614 |              0.786176 |
|      62 |     0.679377 |          0.664851 |         0.78546  |              0.79199  |
|      63 |     0.68045  |          0.666349 |         0.780452 |              0.788114 |
|      64 |     0.675945 |          0.655194 |         0.78433  |              0.790698 |
|      65 |     0.680008 |          0.669131 |         0.77609  |              0.781008 |
|      66 |     0.676701 |          0.6556   |         0.783845 |              0.790052 |
|      67 |     0.679855 |          0.672222 |         0.777383 |              0.783592 |
|      68 |     0.680938 |          0.684939 |         0.777221 |              0.7823   |
|      69 |     0.676479 |          0.669072 |         0.777868 |              0.78553  |
|      70 |     0.712753 |          0.810238 |         0.755412 |              0.762274 |
|      71 |     0.710303 |          0.662636 |         0.77706  |              0.777132 |
|      72 |     0.685513 |          0.667106 |         0.77916  |              0.78876  |
|      73 |     0.684949 |          0.676091 |         0.775767 |              0.784884 |
|      74 |     0.680012 |          0.663955 |         0.778029 |              0.786822 |
|      75 |     0.680668 |          0.679565 |         0.772536 |              0.779716 |
|      76 |     0.679017 |          0.709114 |         0.770598 |              0.775194 |
|      77 |     0.680321 |          0.656133 |         0.777706 |              0.786176 |
|      78 |     0.683233 |          0.672947 |         0.777383 |              0.784884 |
|      79 |     0.682426 |          0.665619 |         0.776252 |              0.786822 |
|      80 |     0.680696 |          0.671038 |         0.777544 |              0.786176 |
|      81 |     0.680838 |          0.662659 |         0.777868 |              0.78553  |
|      82 |     0.678552 |          0.674008 |         0.77496  |              0.784238 |
|      83 |     0.678585 |          0.658344 |         0.780452 |              0.78876  |
|      84 |     0.679772 |          0.670992 |         0.778191 |              0.786176 |
|      85 |     0.684078 |          0.678576 |         0.778675 |              0.787468 |
|      86 |     0.681666 |          0.676477 |         0.778514 |              0.788114 |
|      87 |     0.680634 |          0.672599 |         0.781583 |              0.790052 |
|      88 |     0.678672 |          0.670553 |         0.779806 |              0.78876  |
|      89 |     0.67818  |          0.670279 |         0.77399  |              0.7823   |
|      90 |     0.678342 |          0.671137 |         0.782229 |              0.790698 |
|      91 |     0.680373 |          0.664524 |         0.776414 |              0.786176 |
|      92 |     0.677605 |          0.661755 |         0.78126  |              0.790052 |
|      93 |     0.679244 |          0.672181 |         0.776575 |              0.783592 |
|      94 |     0.677883 |          0.671214 |         0.778029 |              0.786176 |
|      95 |     0.673748 |          0.67208  |         0.775444 |              0.784238 |
|      96 |     0.686335 |          0.670589 |         0.777383 |              0.786176 |
|      97 |     0.681096 |          0.665628 |         0.77916  |              0.788114 |
|      98 |     0.681497 |          0.668865 |         0.779645 |              0.788114 |
|      99 |     0.674139 |          0.667822 |         0.780129 |              0.78876  |
|     100 |     0.680436 |          0.676096 |         0.778998 |              0.786822 |

########## Model 8 ##########

Test Accuracy: 77.20356768100734


|   Epoch |   Train Loss |   Validation Loss |   Train Accuracy |   Validation Accuracy |
|---------|--------------|-------------------|------------------|-----------------------|
|       1 |     1.4641   |          0.977476 |         0.678514 |              0.684109 |
|       2 |     0.947056 |          0.905534 |         0.717932 |              0.720284 |
|       3 |     0.902356 |          0.870279 |         0.730695 |              0.73062  |
|       4 |     0.882237 |          0.913139 |         0.72391  |              0.725452 |
|       5 |     0.870769 |          0.875051 |         0.736026 |              0.738372 |
|       6 |     0.868182 |          0.889772 |         0.728595 |              0.723514 |
|       7 |     0.867508 |          0.876414 |         0.732149 |              0.731266 |
|       8 |     0.864525 |          0.889285 |         0.726171 |              0.729974 |
|       9 |     0.866798 |          0.858492 |         0.740711 |              0.739664 |
|      10 |     0.8664   |          0.866752 |         0.737318 |              0.735142 |
|      11 |     0.865799 |          0.851831 |         0.739418 |              0.742894 |
|      12 |     0.858132 |          0.863308 |         0.737964 |              0.735788 |
|      13 |     0.83662  |          0.824439 |         0.767528 |              0.766796 |
|      14 |     0.842202 |          0.796876 |         0.767205 |              0.768734 |
|      15 |     0.783951 |          0.769568 |         0.774637 |              0.77584  |
|      16 |     0.774049 |          0.745237 |         0.77496  |              0.77584  |
|      17 |     0.739221 |          0.73921  |         0.77496  |              0.77584  |
|      18 |     0.785341 |          0.83264  |         0.75832  |              0.757752 |
|      19 |     0.741415 |          0.725491 |         0.77496  |              0.77584  |
|      20 |     0.732073 |          0.732381 |         0.774313 |              0.775194 |
|      21 |     0.727313 |          0.729175 |         0.77496  |              0.77584  |
|      22 |     0.729472 |          0.726622 |         0.77496  |              0.77584  |
|      23 |     0.724495 |          0.732859 |         0.77496  |              0.77584  |
|      24 |     0.741343 |          0.752354 |         0.765428 |              0.766796 |
|      25 |     0.734286 |          0.734971 |         0.774798 |              0.775194 |
|      26 |     0.72612  |          0.7313   |         0.774313 |              0.775194 |
|      27 |     0.733919 |          0.750997 |         0.77496  |              0.77584  |
|      28 |     0.733093 |          0.722565 |         0.77496  |              0.77584  |
|      29 |     0.722271 |          0.728327 |         0.77496  |              0.77584  |
|      30 |     0.72723  |          0.729915 |         0.77496  |              0.77584  |
|      31 |     0.725392 |          0.719629 |         0.77496  |              0.77584  |
|      32 |     0.803299 |          0.760804 |         0.766559 |              0.76938  |
|      33 |     0.730818 |          0.728435 |         0.77496  |              0.77584  |
|      34 |     0.730565 |          0.723007 |         0.77496  |              0.77584  |
|      35 |     0.725242 |          0.721817 |         0.77496  |              0.77584  |
|      36 |     0.723525 |          0.742957 |         0.77496  |              0.77584  |
|      37 |     0.764784 |          0.757416 |         0.770759 |              0.771318 |
|      38 |     0.734616 |          0.729192 |         0.77496  |              0.77584  |
|      39 |     0.728115 |          0.712639 |         0.77496  |              0.77584  |
|      40 |     0.733871 |          0.77501  |         0.758966 |              0.76292  |
|      41 |     0.756977 |          0.730274 |         0.77496  |              0.77584  |
|      42 |     0.728655 |          0.719724 |         0.77496  |              0.77584  |
|      43 |     0.73269  |          0.730777 |         0.77496  |              0.77584  |
|      44 |     0.725439 |          0.72484  |         0.77496  |              0.77584  |
|      45 |     0.7242   |          0.733746 |         0.77496  |              0.77584  |
|      46 |     0.724193 |          0.729243 |         0.773344 |              0.775194 |
|      47 |     0.722528 |          0.729652 |         0.77496  |              0.77584  |
|      48 |     0.720435 |          0.726862 |         0.77496  |              0.77584  |
|      49 |     0.720979 |          0.732515 |         0.77496  |              0.77584  |
|      50 |     0.723501 |          0.718667 |         0.77496  |              0.77584  |
|      51 |     0.722903 |          0.730281 |         0.77496  |              0.77584  |
|      52 |     0.722077 |          0.729433 |         0.77496  |              0.77584  |
|      53 |     0.719253 |          0.718833 |         0.77496  |              0.77584  |
|      54 |     0.719295 |          0.718797 |         0.77496  |              0.77584  |
|      55 |     0.719585 |          0.727908 |         0.77496  |              0.77584  |
|      56 |     0.7232   |          0.724584 |         0.77496  |              0.77584  |
|      57 |     0.71855  |          0.723012 |         0.77496  |              0.77584  |
|      58 |     0.719713 |          0.72575  |         0.77496  |              0.77584  |
|      59 |     0.734865 |          0.737887 |         0.774313 |              0.775194 |
|      60 |     0.721152 |          0.720569 |         0.77496  |              0.77584  |
|      61 |     0.720514 |          0.736345 |         0.773667 |              0.775194 |
|      62 |     0.723503 |          0.738035 |         0.773344 |              0.774548 |
|      63 |     0.721847 |          0.725066 |         0.77496  |              0.77584  |
|      64 |     0.721196 |          0.726247 |         0.77496  |              0.77584  |
|      65 |     0.718026 |          0.729776 |         0.774313 |              0.775194 |
|      66 |     0.729562 |          0.727847 |         0.77496  |              0.77584  |
|      67 |     0.720545 |          0.731271 |         0.77496  |              0.77584  |
|      68 |     0.719054 |          0.720968 |         0.77496  |              0.77584  |
|      69 |     0.717596 |          0.731227 |         0.77496  |              0.77584  |
|      70 |     0.722236 |          0.722971 |         0.77496  |              0.77584  |
|      71 |     0.718194 |          0.732037 |         0.77496  |              0.77584  |
|      72 |     0.72305  |          0.72427  |         0.77496  |              0.77584  |
|      73 |     0.716165 |          0.739326 |         0.77496  |              0.77584  |
|      74 |     0.719498 |          0.720805 |         0.77496  |              0.77584  |
|      75 |     0.723999 |          0.722891 |         0.768174 |              0.768088 |
|      76 |     0.719585 |          0.729329 |         0.77496  |              0.77584  |
|      77 |     0.718451 |          0.727212 |         0.774637 |              0.775194 |
|      78 |     0.718108 |          0.735816 |         0.77496  |              0.77584  |
|      79 |     0.716852 |          0.729805 |         0.77496  |              0.77584  |
|      80 |     0.71754  |          0.740062 |         0.77496  |              0.77584  |
|      81 |     0.717808 |          0.726701 |         0.77496  |              0.77584  |
|      82 |     0.720024 |          0.716826 |         0.77496  |              0.77584  |
|      83 |     0.715644 |          0.730334 |         0.77496  |              0.77584  |
|      84 |     0.744811 |          0.728794 |         0.774313 |              0.775194 |
|      85 |     0.72222  |          0.727787 |         0.77496  |              0.77584  |
|      86 |     0.721203 |          0.719478 |         0.77496  |              0.77584  |
|      87 |     0.717555 |          0.713229 |         0.77496  |              0.77584  |
|      88 |     0.71978  |          0.727122 |         0.77496  |              0.77584  |
|      89 |     0.718941 |          0.732947 |         0.77496  |              0.77584  |
|      90 |     0.718098 |          0.730576 |         0.77496  |              0.77584  |
|      91 |     0.721084 |          0.723704 |         0.77496  |              0.77584  |
|      92 |     0.722651 |          0.722768 |         0.77496  |              0.77584  |
|      93 |     0.721492 |          0.730371 |         0.77496  |              0.77584  |
|      94 |     0.720291 |          0.71919  |         0.77496  |              0.77584  |
|      95 |     0.7189   |          0.722496 |         0.77496  |              0.77584  |
|      96 |     0.722962 |          0.758673 |         0.770759 |              0.771318 |
|      97 |     0.74016  |          0.760768 |         0.769144 |              0.770672 |
|      98 |     0.738313 |          0.728801 |         0.77496  |              0.77584  |
|      99 |     0.72062  |          0.720034 |         0.77496  |              0.77584  |
|     100 |     0.718202 |          0.724342 |         0.77496  |              0.77584  |

########## Model 9 ##########

Test Accuracy: 77.25603357817418


|   Epoch |   Train Loss |   Validation Loss |   Train Accuracy |   Validation Accuracy |
|---------|--------------|-------------------|------------------|-----------------------|
|       1 |     1.87928  |          1.41082  |         0.646204 |              0.653101 |
|       2 |     1.38306  |          1.33931  |         0.652181 |              0.654393 |
|       3 |     1.33799  |          1.30693  |         0.656704 |              0.657623 |
|       4 |     1.30641  |          1.3093   |         0.663489 |              0.655685 |
|       5 |     1.33173  |          1.29179  |         0.684006 |              0.679587 |
|       6 |     1.2815   |          1.27553  |         0.655412 |              0.649871 |
|       7 |     1.30639  |          1.32521  |         0.642811 |              0.640827 |
|       8 |     1.26468  |          1.27571  |         0.715832 |              0.713178 |
|       9 |     1.20769  |          1.22896  |         0.697254 |              0.700904 |
|      10 |     1.16652  |          1.14596  |         0.748142 |              0.751938 |
|      11 |     1.15395  |          1.15641  |         0.747334 |              0.742894 |
|      12 |     1.08736  |          1.07352  |         0.762197 |              0.767442 |
|      13 |     1.06591  |          1.06564  |         0.757835 |              0.75969  |
|      14 |     1.0556   |          1.06645  |         0.77609  |              0.776486 |
|      15 |     1.05114  |          1.02914  |         0.779806 |              0.784884 |
|      16 |     1.03825  |          1.02712  |         0.778675 |              0.771964 |
|      17 |     1.03421  |          1.05012  |         0.770598 |              0.76615  |
|      18 |     1.03558  |          1.03319  |         0.774798 |              0.784238 |
|      19 |     1.03806  |          1.04343  |         0.778837 |              0.777132 |
|      20 |     1.0347   |          1.04692  |         0.777544 |              0.779716 |
|      21 |     1.03314  |          1.03108  |         0.777383 |              0.783592 |
|      22 |     1.03415  |          1.03713  |         0.766721 |              0.765504 |
|      23 |     1.03113  |          1.03372  |         0.77399  |              0.7823   |
|      24 |     1.05701  |          1.04681  |         0.775444 |              0.77584  |
|      25 |     1.03991  |          1.0423   |         0.767044 |              0.773256 |
|      26 |     1.0333   |          1.02799  |         0.77706  |              0.77584  |
|      27 |     0.919898 |          0.576347 |         0.779321 |              0.786822 |
|      28 |     0.579784 |          0.574768 |         0.778514 |              0.773902 |
|      29 |     0.578843 |          0.566377 |         0.777221 |              0.780362 |
|      30 |     0.578454 |          0.569093 |         0.778998 |              0.78876  |
|      31 |     0.57971  |          0.594331 |         0.77496  |              0.777778 |
|      32 |     0.580455 |          0.576123 |         0.780614 |              0.782946 |
|      33 |     0.573649 |          0.571774 |         0.77916  |              0.786822 |
|      34 |     0.633862 |          0.575577 |         0.778191 |              0.781654 |
|      35 |     0.58092  |          0.568889 |         0.779645 |              0.787468 |
|      36 |     0.57472  |          0.572179 |         0.780937 |              0.783592 |
|      37 |     0.577377 |          0.572086 |         0.78336  |              0.79199  |
|      38 |     0.57253  |          0.573984 |         0.775606 |              0.777132 |
|      39 |     0.57829  |          0.596577 |         0.771405 |              0.776486 |
|      40 |     0.576715 |          0.578132 |         0.771729 |              0.784884 |
|      41 |     0.574699 |          0.573681 |         0.77399  |              0.77261  |
|      42 |     0.583389 |          0.574771 |         0.777221 |              0.781008 |
|      43 |     0.568657 |          0.590945 |         0.772052 |              0.773256 |
|      44 |     0.572077 |          0.569755 |         0.772698 |              0.778424 |
|      45 |     0.572582 |          0.567723 |         0.77189  |              0.77907  |
|      46 |     0.575551 |          0.570227 |         0.781906 |              0.779716 |
|      47 |     0.571996 |          0.573979 |         0.780291 |              0.7823   |
|      48 |     0.571826 |          0.574739 |         0.784006 |              0.7823   |
|      49 |     0.573557 |          0.566065 |         0.782229 |              0.77907  |
|      50 |     0.588643 |          0.587821 |         0.766074 |              0.771964 |
|      51 |     0.576878 |          0.578303 |         0.778029 |              0.781008 |
|      52 |     0.568998 |          0.565903 |         0.786753 |              0.789406 |
|      53 |     0.604292 |          0.568444 |         0.777221 |              0.778424 |
|      54 |     0.575934 |          0.592636 |         0.769467 |              0.781008 |
|      55 |     0.573587 |          0.577127 |         0.773506 |              0.770672 |
|      56 |     0.569924 |          0.572856 |         0.773667 |              0.781008 |
|      57 |     0.573068 |          0.57729  |         0.779645 |              0.778424 |
|      58 |     0.570202 |          0.562707 |         0.778998 |              0.791344 |
|      59 |     0.570145 |          0.565934 |         0.77399  |              0.77907  |
|      60 |     0.580084 |          0.572411 |         0.787399 |              0.786176 |
|      61 |     0.574079 |          0.566458 |         0.780775 |              0.78553  |
|      62 |     0.569378 |          0.575039 |         0.776414 |              0.771964 |
|      63 |     0.566508 |          0.566145 |         0.781906 |              0.789406 |
|      64 |     0.592602 |          0.573548 |         0.777706 |              0.787468 |
|      65 |     0.573438 |          0.572746 |         0.778998 |              0.7823   |
|      66 |     0.568975 |          0.559913 |         0.775444 |              0.786176 |
|      67 |     0.571262 |          0.567089 |         0.772375 |              0.782946 |
|      68 |     0.56813  |          0.561807 |         0.784976 |              0.789406 |
|      69 |     0.571793 |          0.579185 |         0.78433  |              0.78876  |
|      70 |     0.566252 |          0.567193 |         0.786753 |              0.78876  |
|      71 |     0.568418 |          0.57345  |         0.779321 |              0.786176 |
|      72 |     0.568129 |          0.576507 |         0.77399  |              0.771964 |
|      73 |     0.566687 |          0.568549 |         0.775121 |              0.768734 |
|      74 |     0.568718 |          0.56683  |         0.783037 |              0.788114 |
|      75 |     0.600515 |          0.5941   |         0.779321 |              0.775194 |
|      76 |     0.581757 |          0.569954 |         0.782876 |              0.78876  |
|      77 |     0.568565 |          0.581479 |         0.782391 |              0.768734 |
|      78 |     0.57007  |          0.564779 |         0.780452 |              0.776486 |
|      79 |     0.570033 |          0.572056 |         0.783037 |              0.7823   |
|      80 |     0.570654 |          0.576108 |         0.777544 |              0.786822 |
|      81 |     0.570312 |          0.571754 |         0.778837 |              0.784884 |
|      82 |     0.569874 |          0.570905 |         0.772859 |              0.7823   |
|      83 |     0.580283 |          0.626977 |         0.757189 |              0.764212 |
|      84 |     0.577187 |          0.562569 |         0.78126  |              0.787468 |
|      85 |     0.568519 |          0.569123 |         0.776737 |              0.783592 |
|      86 |     0.567359 |          0.571053 |         0.784814 |              0.784238 |
|      87 |     0.570413 |          0.568754 |         0.782553 |              0.78876  |
|      88 |     0.568135 |          0.568004 |         0.782391 |              0.786822 |
|      89 |     0.571033 |          0.568611 |         0.783037 |              0.786822 |
|      90 |     0.567038 |          0.573666 |         0.783522 |              0.783592 |
|      91 |     0.567099 |          0.568213 |         0.783845 |              0.790052 |
|      92 |     0.566612 |          0.57139  |         0.783037 |              0.781654 |
|      93 |     0.579388 |          0.567789 |         0.776252 |              0.78553  |
|      94 |     0.569708 |          0.565711 |         0.782553 |              0.782946 |
|      95 |     0.576544 |          0.573196 |         0.779321 |              0.7823   |
|      96 |     0.56741  |          0.576372 |         0.774313 |              0.778424 |
|      97 |     0.567794 |          0.564603 |         0.783037 |              0.786822 |
|      98 |     0.572561 |          0.562001 |         0.777868 |              0.789406 |
|      99 |     0.56695  |          0.559508 |         0.78433  |              0.788114 |
|     100 |     0.567277 |          0.583954 |         0.778191 |              0.781008 |

########## Model 10 ##########

Test Accuracy: 75.7607555089192


|   Epoch |   Train Loss |   Validation Loss |   Train Accuracy |   Validation Accuracy |
|---------|--------------|-------------------|------------------|-----------------------|
|       1 |     1.51771  |          0.939265 |         0.696446 |              0.70155  |
|       2 |     0.953659 |          0.917491 |         0.706624 |              0.71124  |
|       3 |     0.944629 |          0.925248 |         0.69273  |              0.699612 |
|       4 |     0.924865 |          0.938706 |         0.710178 |              0.708656 |
|       5 |     0.918633 |          0.890114 |         0.714378 |              0.720284 |
|       6 |     0.910146 |          0.900963 |         0.710501 |              0.717054 |
|       7 |     0.909219 |          0.933196 |         0.694184 |              0.69832  |
|       8 |     0.897431 |          0.893454 |         0.715347 |              0.710594 |
|       9 |     0.894691 |          0.881743 |         0.722456 |              0.726098 |
|      10 |     0.872026 |          0.859583 |         0.729402 |              0.726744 |
|      11 |     0.856483 |          0.829222 |         0.738611 |              0.744186 |
|      12 |     0.844912 |          0.825855 |         0.745396 |              0.749354 |
|      13 |     0.806769 |          0.777593 |         0.752666 |              0.759044 |
|      14 |     0.781448 |          0.760548 |         0.751858 |              0.754522 |
|      15 |     0.767995 |          0.751797 |         0.753312 |              0.757106 |
|      16 |     0.760676 |          0.846201 |         0.732956 |              0.735788 |
|      17 |     0.76378  |          0.724261 |         0.757189 |              0.762274 |
|      18 |     0.772935 |          0.888789 |         0.726171 |              0.723514 |
|      19 |     0.777261 |          0.742011 |         0.752666 |              0.75646  |
|      20 |     0.749866 |          0.732198 |         0.757189 |              0.762274 |
|      21 |     0.745851 |          0.766813 |         0.746204 |              0.749354 |
|      22 |     0.747728 |          0.762592 |         0.749111 |              0.75323  |
|      23 |     0.754654 |          0.743309 |         0.752342 |              0.757106 |
|      24 |     0.748988 |          0.750262 |         0.753312 |              0.757106 |
|      25 |     0.74085  |          0.725607 |         0.757997 |              0.762274 |
|      26 |     0.743619 |          0.74077  |         0.757189 |              0.762274 |
|      27 |     0.745161 |          0.749243 |         0.753796 |              0.757752 |
|      28 |     0.755803 |          0.726857 |         0.756381 |              0.760982 |
|      29 |     0.752422 |          0.731583 |         0.753958 |              0.757752 |
|      30 |     0.740702 |          0.735747 |         0.75525  |              0.759044 |
|      31 |     0.738049 |          0.741068 |         0.752504 |              0.755168 |
|      32 |     0.742226 |          0.746829 |         0.751373 |              0.755168 |
|      33 |     0.742277 |          0.74175  |         0.752504 |              0.755168 |
|      34 |     0.740373 |          0.729347 |         0.753796 |              0.757752 |
|      35 |     0.740667 |          0.73191  |         0.751373 |              0.755168 |
|      36 |     0.748073 |          0.726388 |         0.754443 |              0.757752 |
|      37 |     0.769778 |          0.753825 |         0.754281 |              0.75969  |
|      38 |     0.762785 |          0.739479 |         0.748788 |              0.754522 |
|      39 |     0.760967 |          0.728888 |         0.75105  |              0.755814 |
|      40 |     0.738208 |          0.729154 |         0.757997 |              0.762274 |
|      41 |     0.740683 |          0.728534 |         0.753796 |              0.757752 |
|      42 |     0.73692  |          0.720649 |         0.757351 |              0.761628 |
|      43 |     0.739448 |          0.722345 |         0.757351 |              0.761628 |
|      44 |     0.736114 |          0.724761 |         0.753958 |              0.757752 |
|      45 |     0.736317 |          0.737414 |         0.753958 |              0.757752 |
|      46 |     0.734985 |          0.734811 |         0.756704 |              0.761628 |
|      47 |     0.73575  |          0.729109 |         0.757997 |              0.762274 |
|      48 |     0.765516 |          0.735425 |         0.755089 |              0.75969  |
|      49 |     0.750093 |          0.770168 |         0.751373 |              0.755168 |
|      50 |     0.73756  |          0.738991 |         0.757835 |              0.761628 |
|      51 |     0.735784 |          0.731912 |         0.753796 |              0.757752 |
|      52 |     0.733657 |          0.736459 |         0.757189 |              0.762274 |
|      53 |     0.743242 |          0.727011 |         0.756704 |              0.761628 |
|      54 |     0.739018 |          0.724197 |         0.757997 |              0.762274 |
|      55 |     0.73791  |          0.724997 |         0.753796 |              0.757752 |
|      56 |     0.738852 |          0.734198 |         0.757351 |              0.761628 |
|      57 |     0.737202 |          0.732619 |         0.753635 |              0.757752 |
|      58 |     0.734745 |          0.728715 |         0.754927 |              0.75969  |
|      59 |     0.735482 |          0.745648 |         0.751373 |              0.755168 |
|      60 |     0.735007 |          0.725367 |         0.757189 |              0.762274 |
|      61 |     0.737713 |          0.761628 |         0.753796 |              0.757752 |
|      62 |     0.757126 |          0.727008 |         0.757997 |              0.762274 |
|      63 |     0.735431 |          0.72479  |         0.757351 |              0.761628 |
|      64 |     0.737162 |          0.735605 |         0.757351 |              0.761628 |
|      65 |     0.740841 |          0.722788 |         0.757997 |              0.762274 |
|      66 |     0.737543 |          0.731997 |         0.754443 |              0.757752 |
|      67 |     0.736709 |          0.7375   |         0.752504 |              0.755168 |
|      68 |     0.736429 |          0.730161 |         0.757997 |              0.762274 |
|      69 |     0.733078 |          0.729818 |         0.757351 |              0.761628 |
|      70 |     0.74067  |          0.75099  |         0.752504 |              0.755168 |
|      71 |     0.802174 |          0.747943 |         0.748142 |              0.752584 |
|      72 |     0.74474  |          0.731556 |         0.753312 |              0.757106 |
|      73 |     0.739611 |          0.734557 |         0.756543 |              0.762274 |
|      74 |     0.739165 |          0.72772  |         0.757835 |              0.762274 |
|      75 |     0.736292 |          0.736881 |         0.753958 |              0.757752 |
|      76 |     0.738835 |          0.724942 |         0.757189 |              0.762274 |
|      77 |     0.743041 |          0.741731 |         0.757351 |              0.761628 |
|      78 |     0.735571 |          0.74028  |         0.753796 |              0.757752 |
|      79 |     0.737935 |          0.73231  |         0.754927 |              0.75969  |
|      80 |     0.734495 |          0.717912 |         0.757997 |              0.762274 |
|      81 |     0.734543 |          0.751416 |         0.754443 |              0.757752 |
|      82 |     0.745739 |          0.769293 |         0.747173 |              0.750646 |
|      83 |     0.740728 |          0.725551 |         0.757351 |              0.761628 |
|      84 |     0.734577 |          0.734052 |         0.757351 |              0.761628 |
|      85 |     0.734322 |          0.730049 |         0.757351 |              0.761628 |
|      86 |     0.73528  |          0.72708  |         0.757351 |              0.761628 |
|      87 |     0.733588 |          0.722947 |         0.757351 |              0.761628 |
|      88 |     0.732941 |          0.733297 |         0.757997 |              0.762274 |
|      89 |     0.731961 |          0.738214 |         0.753635 |              0.757752 |
|      90 |     0.735329 |          0.730027 |         0.753796 |              0.757752 |
|      91 |     0.737941 |          0.729368 |         0.756381 |              0.760982 |
|      92 |     0.735019 |          0.731393 |         0.753635 |              0.757752 |
|      93 |     0.736925 |          0.728371 |         0.753796 |              0.757752 |
|      94 |     0.734359 |          0.7364   |         0.753796 |              0.757752 |
|      95 |     0.732029 |          0.74494  |         0.752342 |              0.757106 |
|      96 |     0.769316 |          0.729112 |         0.75412  |              0.757752 |
|      97 |     0.741496 |          0.7325   |         0.757351 |              0.761628 |
|      98 |     0.742832 |          0.739514 |         0.756704 |              0.761628 |
|      99 |     0.736399 |          0.722098 |         0.757351 |              0.761628 |
|     100 |     0.734406 |          0.726409 |         0.753958 |              0.757752 |

