Number of Models: 10
Test Accuracies: [82.0110497237569, 82.40883977900553, 81.87845303867404, 82.32044198895028, 82.05524861878453, 82.29834254143647, 82.23204419889503, 82.25414364640883, 81.90055248618785, 82.05524861878453]
Mean Accuracy: 82.1414364640884
Standard Deviation: 0.1850292657585375
Total Time: 0:26:27.800089



########## Model 1 ##########

Test Accuracy: 82.0110497237569


|   Epoch |   Train Loss |   Validation Loss |   Train Accuracy |   Validation Accuracy |
|---------|--------------|-------------------|------------------|-----------------------|
|       1 |     1.31776  |          0.980316 |         0.729314 |              0.748503 |
|       2 |     0.992367 |          0.903876 |         0.749047 |              0.767011 |
|       3 |     0.932049 |          0.853089 |         0.776402 |              0.788786 |
|       4 |     0.865772 |          0.838199 |         0.79423  |              0.804028 |
|       5 |     0.852738 |          0.8261   |         0.795318 |              0.805117 |
|       6 |     0.854076 |          0.820945 |         0.795046 |              0.80675  |
|       7 |     0.848484 |          0.804422 |         0.800354 |              0.809472 |
|       8 |     0.840514 |          0.80886  |         0.800082 |              0.807839 |
|       9 |     0.820705 |          0.815231 |         0.798176 |              0.802395 |
|      10 |     0.810333 |          0.836381 |         0.801715 |              0.805117 |
|      11 |     0.821249 |          0.793906 |         0.804845 |              0.808928 |
|      12 |     0.795246 |          0.78281  |         0.803348 |              0.807295 |
|      13 |     0.79076  |          0.781764 |         0.803756 |              0.811649 |
|      14 |     0.788546 |          0.786345 |         0.807295 |              0.812738 |
|      15 |     0.7887   |          0.781742 |         0.804709 |              0.811649 |
|      16 |     0.795322 |          0.790147 |         0.807567 |              0.813827 |
|      17 |     0.79136  |          0.765871 |         0.815868 |              0.824714 |
|      18 |     0.779677 |          0.767076 |         0.817501 |              0.821448 |
|      19 |     0.775284 |          0.770756 |         0.81791  |              0.825803 |
|      20 |     0.775588 |          0.781481 |         0.809336 |              0.814371 |
|      21 |     0.769452 |          0.758015 |         0.817365 |              0.823625 |
|      22 |     0.769735 |          0.774913 |         0.818726 |              0.821992 |
|      23 |     0.771073 |          0.770571 |         0.820359 |              0.825259 |
|      24 |     0.767642 |          0.767715 |         0.820495 |              0.826347 |
|      25 |     0.764724 |          0.782358 |         0.812058 |              0.813827 |
|      26 |     0.761604 |          0.777324 |         0.818454 |              0.821448 |
|      27 |     0.764317 |          0.779755 |         0.820768 |              0.821448 |
|      28 |     0.763363 |          0.769524 |         0.822128 |              0.825803 |
|      29 |     0.756492 |          0.761521 |         0.822673 |              0.826347 |
|      30 |     0.757452 |          0.774123 |         0.82172  |              0.822537 |
|      31 |     0.760438 |          0.767814 |         0.821992 |              0.825803 |
|      32 |     0.756502 |          0.767805 |         0.822673 |              0.825803 |
|      33 |     0.753886 |          0.767258 |         0.822128 |              0.825803 |
|      34 |     0.752802 |          0.778252 |         0.822265 |              0.825803 |
|      35 |     0.756761 |          0.760595 |         0.822401 |              0.823625 |
|      36 |     0.749713 |          0.778083 |         0.81546  |              0.817637 |
|      37 |     0.754919 |          0.767605 |         0.823081 |              0.826347 |
|      38 |     0.751709 |          0.769912 |         0.823625 |              0.825803 |
|      39 |     0.75428  |          0.775018 |         0.81546  |              0.814916 |
|      40 |     0.756981 |          0.763065 |         0.822673 |              0.823081 |
|      41 |     0.756983 |          0.770043 |         0.821856 |              0.822537 |
|      42 |     0.751523 |          0.767098 |         0.821856 |              0.821992 |
|      43 |     0.750453 |          0.775771 |         0.823625 |              0.824714 |
|      44 |     0.748294 |          0.771204 |         0.823762 |              0.824714 |
|      45 |     0.748716 |          0.770862 |         0.823353 |              0.822537 |
|      46 |     0.748835 |          0.762971 |         0.823489 |              0.825803 |
|      47 |     0.746223 |          0.782665 |         0.823217 |              0.82417  |
|      48 |     0.747541 |          0.775684 |         0.823353 |              0.825259 |
|      49 |     0.74648  |          0.770562 |         0.822945 |              0.822537 |
|      50 |     0.745301 |          0.767589 |         0.822945 |              0.821992 |
|      51 |     0.749248 |          0.785892 |         0.823489 |              0.825803 |
|      52 |     0.747613 |          0.766384 |         0.823489 |              0.822537 |
|      53 |     0.754581 |          0.770081 |         0.824034 |              0.825259 |
|      54 |     0.744945 |          0.778794 |         0.821584 |              0.82417  |
|      55 |     0.745782 |          0.768039 |         0.824034 |              0.825803 |
|      56 |     0.743898 |          0.772042 |         0.823762 |              0.822537 |
|      57 |     0.748596 |          0.762599 |         0.824714 |              0.825803 |
|      58 |     0.742514 |          0.769772 |         0.824714 |              0.826347 |
|      59 |     0.742944 |          0.777459 |         0.824442 |              0.825259 |
|      60 |     0.741723 |          0.773746 |         0.824034 |              0.821992 |
|      61 |     0.742508 |          0.774933 |         0.823762 |              0.825259 |
|      62 |     0.741028 |          0.766879 |         0.82485  |              0.825803 |
|      63 |     0.743028 |          0.774275 |         0.824714 |              0.825803 |
|      64 |     0.741375 |          0.775023 |         0.82417  |              0.821992 |
|      65 |     0.741454 |          0.778198 |         0.82417  |              0.823081 |
|      66 |     0.73955  |          0.77558  |         0.824034 |              0.823081 |
|      67 |     0.742827 |          0.777803 |         0.824714 |              0.825259 |
|      68 |     0.741783 |          0.778363 |         0.82485  |              0.824714 |
|      69 |     0.739584 |          0.764195 |         0.824578 |              0.825259 |
|      70 |     0.741065 |          0.776311 |         0.82417  |              0.821992 |
|      71 |     0.74453  |          0.80352  |         0.820359 |              0.81546  |
|      72 |     0.752294 |          0.772991 |         0.823625 |              0.82417  |
|      73 |     0.743931 |          0.773393 |         0.823217 |              0.821992 |
|      74 |     0.742072 |          0.779607 |         0.824578 |              0.824714 |
|      75 |     0.739596 |          0.774435 |         0.824306 |              0.823081 |
|      76 |     0.738159 |          0.776118 |         0.824714 |              0.825259 |
|      77 |     0.73853  |          0.774792 |         0.824714 |              0.825259 |
|      78 |     0.736733 |          0.770526 |         0.82485  |              0.825803 |
|      79 |     0.740755 |          0.779233 |         0.824714 |              0.825259 |
|      80 |     0.74213  |          0.763091 |         0.824986 |              0.826347 |
|      81 |     0.73934  |          0.77889  |         0.82485  |              0.824714 |
|      82 |     0.740021 |          0.783516 |         0.823625 |              0.820904 |
|      83 |     0.740189 |          0.775152 |         0.825122 |              0.825803 |
|      84 |     0.740299 |          0.77653  |         0.824306 |              0.821448 |
|      85 |     0.742807 |          0.784477 |         0.823625 |              0.823625 |
|      86 |     0.741061 |          0.777189 |         0.825122 |              0.824714 |
|      87 |     0.74027  |          0.761688 |         0.824442 |              0.823081 |
|      88 |     0.739172 |          0.778341 |         0.824306 |              0.821992 |
|      89 |     0.738367 |          0.776898 |         0.825122 |              0.826347 |
|      90 |     0.740053 |          0.782339 |         0.824578 |              0.824714 |
|      91 |     0.741022 |          0.774434 |         0.824986 |              0.826892 |
|      92 |     0.737412 |          0.783344 |         0.824714 |              0.826347 |
|      93 |     0.739427 |          0.777286 |         0.824306 |              0.822537 |
|      94 |     0.736745 |          0.777582 |         0.824714 |              0.821448 |
|      95 |     0.735793 |          0.770295 |         0.824578 |              0.821448 |
|      96 |     0.736302 |          0.783841 |         0.825395 |              0.82417  |
|      97 |     0.734648 |          0.780327 |         0.825259 |              0.82417  |
|      98 |     0.737243 |          0.77497  |         0.825667 |              0.824714 |
|      99 |     0.736889 |          0.768985 |         0.823625 |              0.821448 |
|     100 |     0.739339 |          0.775483 |         0.825259 |              0.825803 |

########## Model 2 ##########

Test Accuracy: 82.40883977900553


|   Epoch |   Train Loss |   Validation Loss |   Train Accuracy |   Validation Accuracy |
|---------|--------------|-------------------|------------------|-----------------------|
|       1 |     1.38822  |          1.00806  |         0.692025 |              0.706587 |
|       2 |     1.03109  |          0.902144 |         0.765106 |              0.77681  |
|       3 |     0.891079 |          0.823044 |         0.786336 |              0.800218 |
|       4 |     0.842678 |          0.800893 |         0.791644 |              0.802395 |
|       5 |     0.826021 |          0.805809 |         0.797088 |              0.808383 |
|       6 |     0.816228 |          0.789335 |         0.805389 |              0.813827 |
|       7 |     0.810212 |          0.803656 |         0.802259 |              0.812738 |
|       8 |     0.795392 |          0.807046 |         0.80675  |              0.813827 |
|       9 |     0.788758 |          0.772229 |         0.80607  |              0.81546  |
|      10 |     0.779565 |          0.793295 |         0.807295 |              0.812738 |
|      11 |     0.774923 |          0.772632 |         0.809608 |              0.814371 |
|      12 |     0.772607 |          0.766734 |         0.810969 |              0.814371 |
|      13 |     0.772721 |          0.76786  |         0.813827 |              0.817093 |
|      14 |     0.766094 |          0.76609  |         0.813691 |              0.817093 |
|      15 |     0.764326 |          0.74766  |         0.821448 |              0.825803 |
|      16 |     0.707904 |          0.738987 |         0.815052 |              0.817093 |
|      17 |     0.700032 |          0.701123 |         0.821856 |              0.826347 |
|      18 |     0.699393 |          0.701447 |         0.820768 |              0.823625 |
|      19 |     0.693848 |          0.694157 |         0.821448 |              0.824714 |
|      20 |     0.694567 |          0.695806 |         0.82172  |              0.821992 |
|      21 |     0.700204 |          0.699575 |         0.820087 |              0.826347 |
|      22 |     0.700754 |          0.700303 |         0.821312 |              0.823081 |
|      23 |     0.696269 |          0.701008 |         0.819543 |              0.821992 |
|      24 |     0.696422 |          0.705364 |         0.819134 |              0.826892 |
|      25 |     0.696814 |          0.70067  |         0.820359 |              0.826892 |
|      26 |     0.696383 |          0.691655 |         0.821856 |              0.822537 |
|      27 |     0.693569 |          0.696947 |         0.821584 |              0.822537 |
|      28 |     0.693608 |          0.695518 |         0.820768 |              0.826892 |
|      29 |     0.693383 |          0.691946 |         0.822537 |              0.825803 |
|      30 |     0.690867 |          0.691313 |         0.82172  |              0.822537 |
|      31 |     0.688782 |          0.69029  |         0.82172  |              0.821992 |
|      32 |     0.690439 |          0.688456 |         0.821176 |              0.822537 |
|      33 |     0.688453 |          0.693719 |         0.820768 |              0.823081 |
|      34 |     0.691879 |          0.686801 |         0.82172  |              0.822537 |
|      35 |     0.690911 |          0.698151 |         0.821448 |              0.824714 |
|      36 |     0.689188 |          0.69494  |         0.821448 |              0.821992 |
|      37 |     0.688961 |          0.69834  |         0.822128 |              0.820904 |
|      38 |     0.688171 |          0.70366  |         0.821312 |              0.825803 |
|      39 |     0.689958 |          0.696029 |         0.822537 |              0.824714 |
|      40 |     0.685983 |          0.695374 |         0.822809 |              0.821992 |
|      41 |     0.566275 |          0.585258 |         0.822265 |              0.820359 |
|      42 |     0.551268 |          0.585787 |         0.823353 |              0.823081 |
|      43 |     0.5518   |          0.592127 |         0.824034 |              0.824714 |
|      44 |     0.545855 |          0.589971 |         0.823625 |              0.820359 |
|      45 |     0.5506   |          0.592571 |         0.819951 |              0.822537 |
|      46 |     0.542713 |          0.578005 |         0.823353 |              0.820359 |
|      47 |     0.544244 |          0.579893 |         0.822128 |              0.82417  |
|      48 |     0.54263  |          0.584882 |         0.824578 |              0.825259 |
|      49 |     0.544306 |          0.578675 |         0.820087 |              0.821448 |
|      50 |     0.54447  |          0.580381 |         0.825803 |              0.823625 |
|      51 |     0.547525 |          0.577249 |         0.822265 |              0.819815 |
|      52 |     0.54852  |          0.586776 |         0.82172  |              0.822537 |
|      53 |     0.541532 |          0.595727 |         0.82104  |              0.819271 |
|      54 |     0.543743 |          0.585799 |         0.824714 |              0.823081 |
|      55 |     0.541996 |          0.57635  |         0.822945 |              0.817637 |
|      56 |     0.545576 |          0.582093 |         0.824578 |              0.819815 |
|      57 |     0.537818 |          0.601629 |         0.820768 |              0.822537 |
|      58 |     0.538831 |          0.588562 |         0.820904 |              0.818182 |
|      59 |     0.542927 |          0.578451 |         0.824442 |              0.82417  |
|      60 |     0.545171 |          0.618302 |         0.801034 |              0.799673 |
|      61 |     0.553203 |          0.581691 |         0.822809 |              0.82417  |
|      62 |     0.540007 |          0.579445 |         0.823762 |              0.820904 |
|      63 |     0.540654 |          0.580243 |         0.824986 |              0.825259 |
|      64 |     0.544021 |          0.582798 |         0.824034 |              0.825803 |
|      65 |     0.541563 |          0.571119 |         0.823625 |              0.825259 |
|      66 |     0.545139 |          0.578228 |         0.824578 |              0.82417  |
|      67 |     0.540894 |          0.587147 |         0.825259 |              0.823625 |
|      68 |     0.537254 |          0.581465 |         0.820631 |              0.825259 |
|      69 |     0.539659 |          0.576661 |         0.824986 |              0.826347 |
|      70 |     0.536978 |          0.578984 |         0.822401 |              0.822537 |
|      71 |     0.53839  |          0.575114 |         0.826075 |              0.826347 |
|      72 |     0.536917 |          0.578918 |         0.824442 |              0.821992 |
|      73 |     0.536772 |          0.582813 |         0.825531 |              0.822537 |
|      74 |     0.537913 |          0.593288 |         0.824442 |              0.824714 |
|      75 |     0.536786 |          0.586571 |         0.824986 |              0.820904 |
|      76 |     0.536258 |          0.584442 |         0.824442 |              0.819815 |
|      77 |     0.542842 |          0.582155 |         0.823625 |              0.823625 |
|      78 |     0.535549 |          0.584691 |         0.826211 |              0.825803 |
|      79 |     0.535019 |          0.583738 |         0.823489 |              0.823081 |
|      80 |     0.538245 |          0.586736 |         0.825803 |              0.821992 |
|      81 |     0.533098 |          0.588665 |         0.82485  |              0.821448 |
|      82 |     0.532938 |          0.590073 |         0.824442 |              0.822537 |
|      83 |     0.534678 |          0.612072 |         0.824986 |              0.825259 |
|      84 |     0.532906 |          0.603895 |         0.825259 |              0.823625 |
|      85 |     0.565585 |          0.585992 |         0.824578 |              0.823625 |
|      86 |     0.533169 |          0.591953 |         0.826211 |              0.825259 |
|      87 |     0.536139 |          0.594294 |         0.825122 |              0.823625 |
|      88 |     0.537122 |          0.587967 |         0.826075 |              0.825259 |
|      89 |     0.528793 |          0.587835 |         0.826211 |              0.823081 |
|      90 |     0.533934 |          0.580556 |         0.825667 |              0.825803 |
|      91 |     0.537436 |          0.585153 |         0.82417  |              0.821992 |
|      92 |     0.536718 |          0.584211 |         0.825939 |              0.825259 |
|      93 |     0.530147 |          0.587164 |         0.825803 |              0.826347 |
|      94 |     0.531016 |          0.587421 |         0.824714 |              0.825803 |
|      95 |     0.535359 |          0.591271 |         0.825395 |              0.820904 |
|      96 |     0.531796 |          0.58679  |         0.826892 |              0.824714 |
|      97 |     0.528052 |          0.592374 |         0.825803 |              0.820904 |
|      98 |     0.534611 |          0.581924 |         0.82485  |              0.821448 |
|      99 |     0.52725  |          0.599299 |         0.823762 |              0.820904 |
|     100 |     0.531099 |          0.596983 |         0.82104  |              0.820904 |

########## Model 3 ##########

Test Accuracy: 81.87845303867404


|   Epoch |   Train Loss |   Validation Loss |   Train Accuracy |   Validation Accuracy |
|---------|--------------|-------------------|------------------|-----------------------|
|       1 |     1.73178  |          1.42529  |         0.528307 |              0.534023 |
|       2 |     1.40486  |          1.35846  |         0.55362  |              0.557431 |
|       3 |     1.35997  |          1.34743  |         0.552803 |              0.552531 |
|       4 |     1.31871  |          1.27683  |         0.56791  |              0.571584 |
|       5 |     1.29257  |          1.26135  |         0.575939 |              0.578661 |
|       6 |     1.27487  |          1.26338  |         0.574714 |              0.578661 |
|       7 |     1.26766  |          1.2611   |         0.577028 |              0.581383 |
|       8 |     1.2607   |          1.25354  |         0.577028 |              0.585193 |
|       9 |     1.25581  |          1.2485   |         0.580158 |              0.586282 |
|      10 |     1.24711  |          1.25312  |         0.580158 |              0.588459 |
|      11 |     1.24846  |          1.23478  |         0.581655 |              0.589004 |
|      12 |     1.24586  |          1.24521  |         0.582471 |              0.589004 |
|      13 |     0.719308 |          0.669674 |         0.810833 |              0.816549 |
|      14 |     0.653242 |          0.67383  |         0.810425 |              0.812738 |
|      15 |     0.653556 |          0.665157 |         0.810969 |              0.812738 |
|      16 |     0.648294 |          0.661226 |         0.810289 |              0.811105 |
|      17 |     0.645756 |          0.66528  |         0.813419 |              0.816549 |
|      18 |     0.636411 |          0.680183 |         0.812058 |              0.814371 |
|      19 |     0.644133 |          0.661869 |         0.812194 |              0.812738 |
|      20 |     0.642848 |          0.664825 |         0.808383 |              0.811105 |
|      21 |     0.635717 |          0.654042 |         0.821176 |              0.826347 |
|      22 |     0.632059 |          0.66046  |         0.823081 |              0.825803 |
|      23 |     0.633764 |          0.668438 |         0.813146 |              0.813283 |
|      24 |     0.630007 |          0.653461 |         0.824442 |              0.827436 |
|      25 |     0.627056 |          0.666945 |         0.823625 |              0.823081 |
|      26 |     0.625842 |          0.643523 |         0.822809 |              0.826347 |
|      27 |     0.627604 |          0.65438  |         0.824306 |              0.827436 |
|      28 |     0.621046 |          0.651549 |         0.823625 |              0.82417  |
|      29 |     0.621383 |          0.66944  |         0.817365 |              0.818182 |
|      30 |     0.623768 |          0.666283 |         0.823762 |              0.826892 |
|      31 |     0.622926 |          0.657418 |         0.817093 |              0.817093 |
|      32 |     0.626489 |          0.654481 |         0.816413 |              0.813283 |
|      33 |     0.618705 |          0.661203 |         0.821584 |              0.82417  |
|      34 |     0.620747 |          0.674548 |         0.821856 |              0.823625 |
|      35 |     0.620083 |          0.648659 |         0.82417  |              0.825259 |
|      36 |     0.617076 |          0.660089 |         0.819271 |              0.819815 |
|      37 |     0.621635 |          0.664845 |         0.819134 |              0.821992 |
|      38 |     0.616053 |          0.661894 |         0.821448 |              0.823081 |
|      39 |     0.617929 |          0.661544 |         0.824578 |              0.824714 |
|      40 |     0.617073 |          0.657707 |         0.82417  |              0.822537 |
|      41 |     0.619026 |          0.648347 |         0.822537 |              0.821992 |
|      42 |     0.616383 |          0.646875 |         0.823353 |              0.824714 |
|      43 |     0.616971 |          0.656704 |         0.824578 |              0.821992 |
|      44 |     0.619957 |          0.658045 |         0.823762 |              0.82417  |
|      45 |     0.615182 |          0.671421 |         0.82417  |              0.823081 |
|      46 |     0.617958 |          0.655365 |         0.824714 |              0.825803 |
|      47 |     0.614444 |          0.660334 |         0.823081 |              0.823625 |
|      48 |     0.615634 |          0.674997 |         0.824442 |              0.825259 |
|      49 |     0.613346 |          0.661636 |         0.824306 |              0.821992 |
|      50 |     0.61131  |          0.658717 |         0.824714 |              0.821992 |
|      51 |     0.615033 |          0.650084 |         0.824714 |              0.823081 |
|      52 |     0.617222 |          0.660484 |         0.825395 |              0.823625 |
|      53 |     0.611552 |          0.651775 |         0.825395 |              0.821448 |
|      54 |     0.608958 |          0.659289 |         0.827164 |              0.825259 |
|      55 |     0.60941  |          0.65967  |         0.826075 |              0.82417  |
|      56 |     0.605632 |          0.665021 |         0.825803 |              0.824714 |
|      57 |     0.608649 |          0.659319 |         0.826211 |              0.821992 |
|      58 |     0.611177 |          0.657872 |         0.82417  |              0.825259 |
|      59 |     0.607618 |          0.663794 |         0.826483 |              0.824714 |
|      60 |     0.61036  |          0.661485 |         0.825667 |              0.825259 |
|      61 |     0.608003 |          0.666683 |         0.824986 |              0.825259 |
|      62 |     0.607578 |          0.668645 |         0.821584 |              0.823081 |
|      63 |     0.615944 |          0.660865 |         0.825395 |              0.824714 |
|      64 |     0.611617 |          0.660189 |         0.825395 |              0.825259 |
|      65 |     0.606554 |          0.675676 |         0.825667 |              0.821992 |
|      66 |     0.609751 |          0.661729 |         0.826756 |              0.82417  |
|      67 |     0.611855 |          0.66061  |         0.826211 |              0.826347 |
|      68 |     0.612294 |          0.663638 |         0.824986 |              0.822537 |
|      69 |     0.61992  |          0.66612  |         0.816549 |              0.814916 |
|      70 |     0.615394 |          0.656224 |         0.823898 |              0.821448 |
|      71 |     0.606409 |          0.661672 |         0.82485  |              0.820359 |
|      72 |     0.604689 |          0.662924 |         0.826211 |              0.821992 |
|      73 |     0.607181 |          0.652359 |         0.826892 |              0.826347 |
|      74 |     0.606694 |          0.653617 |         0.826211 |              0.825259 |
|      75 |     0.612812 |          0.669891 |         0.826347 |              0.823625 |
|      76 |     0.606277 |          0.657322 |         0.827164 |              0.825259 |
|      77 |     0.610234 |          0.672677 |         0.825531 |              0.825259 |
|      78 |     0.606149 |          0.672951 |         0.825803 |              0.820904 |
|      79 |     0.606667 |          0.670909 |         0.823489 |              0.823081 |
|      80 |     0.605213 |          0.671598 |         0.826347 |              0.823625 |
|      81 |     0.604416 |          0.656345 |         0.826619 |              0.823081 |
|      82 |     0.604262 |          0.65012  |         0.827572 |              0.825803 |
|      83 |     0.605203 |          0.657256 |         0.824714 |              0.821448 |
|      84 |     0.604302 |          0.673188 |         0.824442 |              0.82417  |
|      85 |     0.607491 |          0.666938 |         0.826075 |              0.826347 |
|      86 |     0.604492 |          0.67315  |         0.819271 |              0.818182 |
|      87 |     0.608867 |          0.65647  |         0.827572 |              0.825803 |
|      88 |     0.603229 |          0.678384 |         0.827708 |              0.82417  |
|      89 |     0.604466 |          0.661899 |         0.827164 |              0.825259 |
|      90 |     0.608326 |          0.682965 |         0.818318 |              0.817093 |
|      91 |     0.613194 |          0.658391 |         0.825939 |              0.823081 |
|      92 |     0.603517 |          0.663955 |         0.826892 |              0.826892 |
|      93 |     0.604122 |          0.682291 |         0.826619 |              0.826892 |
|      94 |     0.605103 |          0.6687   |         0.827028 |              0.826347 |
|      95 |     0.602902 |          0.658017 |         0.826619 |              0.822537 |
|      96 |     0.602003 |          0.672596 |         0.826483 |              0.820904 |
|      97 |     0.602453 |          0.670898 |         0.826619 |              0.82417  |
|      98 |     0.602715 |          0.664608 |         0.827028 |              0.824714 |
|      99 |     0.60695  |          0.667443 |         0.827572 |              0.826347 |
|     100 |     0.600967 |          0.661583 |         0.827708 |              0.824714 |

########## Model 4 ##########

Test Accuracy: 82.32044198895028


|   Epoch |   Train Loss |   Validation Loss |   Train Accuracy |   Validation Accuracy |
|---------|--------------|-------------------|------------------|-----------------------|
|       1 |     1.63063  |          1.49033  |         0.532118 |              0.540011 |
|       2 |     1.09633  |          0.724231 |         0.773408 |              0.781709 |
|       3 |     0.691642 |          0.676474 |         0.787289 |              0.79804  |
|       4 |     0.663346 |          0.642201 |         0.789739 |              0.801851 |
|       5 |     0.639946 |          0.674789 |         0.783206 |              0.792052 |
|       6 |     0.627062 |          0.641389 |         0.798585 |              0.805661 |
|       7 |     0.620223 |          0.617908 |         0.804437 |              0.810016 |
|       8 |     0.606853 |          0.613605 |         0.805934 |              0.811649 |
|       9 |     0.597263 |          0.605116 |         0.809472 |              0.813283 |
|      10 |     0.595756 |          0.603442 |         0.811922 |              0.81546  |
|      11 |     0.587418 |          0.618886 |         0.801715 |              0.80675  |
|      12 |     0.582951 |          0.603607 |         0.810289 |              0.810561 |
|      13 |     0.57846  |          0.601056 |         0.819407 |              0.82417  |
|      14 |     0.57406  |          0.600483 |         0.81791  |              0.823081 |
|      15 |     0.57594  |          0.591307 |         0.818182 |              0.820359 |
|      16 |     0.569314 |          0.606365 |         0.818318 |              0.824714 |
|      17 |     0.56763  |          0.585841 |         0.817774 |              0.823081 |
|      18 |     0.567518 |          0.588508 |         0.81859  |              0.823625 |
|      19 |     0.569697 |          0.581884 |         0.820768 |              0.82417  |
|      20 |     0.562489 |          0.579448 |         0.816685 |              0.818182 |
|      21 |     0.568817 |          0.578649 |         0.820359 |              0.825259 |
|      22 |     0.568183 |          0.602019 |         0.815596 |              0.823081 |
|      23 |     0.563056 |          0.595643 |         0.816549 |              0.820904 |
|      24 |     0.560191 |          0.580322 |         0.819679 |              0.823081 |
|      25 |     0.561631 |          0.576663 |         0.821176 |              0.82417  |
|      26 |     0.552792 |          0.577608 |         0.821584 |              0.820904 |
|      27 |     0.551525 |          0.578606 |         0.821312 |              0.82417  |
|      28 |     0.549828 |          0.579605 |         0.82104  |              0.823081 |
|      29 |     0.550462 |          0.584639 |         0.823081 |              0.824714 |
|      30 |     0.549875 |          0.588278 |         0.820359 |              0.823081 |
|      31 |     0.548188 |          0.585641 |         0.822537 |              0.825803 |
|      32 |     0.558109 |          0.606747 |         0.816821 |              0.817093 |
|      33 |     0.545855 |          0.567526 |         0.823898 |              0.82417  |
|      34 |     0.544559 |          0.595078 |         0.823081 |              0.821992 |
|      35 |     0.549213 |          0.578886 |         0.823762 |              0.824714 |
|      36 |     0.547535 |          0.588655 |         0.824442 |              0.824714 |
|      37 |     0.546322 |          0.563957 |         0.823217 |              0.821448 |
|      38 |     0.545541 |          0.573989 |         0.825531 |              0.824714 |
|      39 |     0.540174 |          0.57721  |         0.824442 |              0.826347 |
|      40 |     0.539787 |          0.57965  |         0.824442 |              0.822537 |
|      41 |     0.543069 |          0.578544 |         0.824986 |              0.822537 |
|      42 |     0.545245 |          0.56833  |         0.823762 |              0.826347 |
|      43 |     0.541854 |          0.582948 |         0.82417  |              0.821448 |
|      44 |     0.542001 |          0.56974  |         0.823081 |              0.822537 |
|      45 |     0.595116 |          0.58287  |         0.822401 |              0.821448 |
|      46 |     0.543359 |          0.579319 |         0.824034 |              0.825803 |
|      47 |     0.547452 |          0.573369 |         0.824034 |              0.821448 |
|      48 |     0.538921 |          0.573658 |         0.825122 |              0.82417  |
|      49 |     0.554155 |          0.583024 |         0.821584 |              0.822537 |
|      50 |     0.540492 |          0.581288 |         0.824714 |              0.823625 |
|      51 |     0.53503  |          0.582106 |         0.824986 |              0.821992 |
|      52 |     0.53558  |          0.58203  |         0.824578 |              0.820904 |
|      53 |     0.537914 |          0.581715 |         0.825531 |              0.824714 |
|      54 |     0.536756 |          0.583159 |         0.821448 |              0.823081 |
|      55 |     0.548771 |          0.581947 |         0.823898 |              0.823625 |
|      56 |     0.537804 |          0.575416 |         0.825395 |              0.822537 |
|      57 |     0.534956 |          0.585304 |         0.825531 |              0.824714 |
|      58 |     0.536259 |          0.572372 |         0.825803 |              0.822537 |
|      59 |     0.531973 |          0.583409 |         0.825395 |              0.821992 |
|      60 |     0.548553 |          0.592893 |         0.811377 |              0.820359 |
|      61 |     0.572631 |          0.578131 |         0.820223 |              0.823081 |
|      62 |     0.560444 |          0.613999 |         0.811922 |              0.818182 |
|      63 |     0.561412 |          0.571321 |         0.822537 |              0.82417  |
|      64 |     0.551517 |          0.582634 |         0.822809 |              0.823625 |
|      65 |     0.556291 |          0.570237 |         0.822809 |              0.825803 |
|      66 |     0.547173 |          0.580248 |         0.822401 |              0.825259 |
|      67 |     0.542562 |          0.584186 |         0.824986 |              0.825259 |
|      68 |     0.542543 |          0.578073 |         0.823762 |              0.822537 |
|      69 |     0.539002 |          0.576205 |         0.822401 |              0.822537 |
|      70 |     0.539954 |          0.578207 |         0.82172  |              0.821992 |
|      71 |     0.540518 |          0.582548 |         0.825395 |              0.825803 |
|      72 |     0.545013 |          0.575783 |         0.825395 |              0.82417  |
|      73 |     0.5419   |          0.582496 |         0.823217 |              0.825803 |
|      74 |     0.540856 |          0.570991 |         0.825531 |              0.824714 |
|      75 |     0.535498 |          0.582    |         0.824986 |              0.821992 |
|      76 |     0.534558 |          0.577519 |         0.825122 |              0.822537 |
|      77 |     0.537771 |          0.581367 |         0.824714 |              0.825259 |
|      78 |     0.534318 |          0.583315 |         0.823625 |              0.822537 |
|      79 |     0.53511  |          0.592128 |         0.823898 |              0.821448 |
|      80 |     0.538775 |          0.584747 |         0.823625 |              0.824714 |
|      81 |     0.544465 |          0.58196  |         0.82417  |              0.820904 |
|      82 |     0.537982 |          0.603465 |         0.821992 |              0.823625 |
|      83 |     0.540009 |          0.587047 |         0.823081 |              0.821992 |
|      84 |     0.532971 |          0.59062  |         0.825122 |              0.820359 |
|      85 |     0.544171 |          0.587135 |         0.824306 |              0.821448 |
|      86 |     0.536609 |          0.580006 |         0.825122 |              0.821448 |
|      87 |     0.533395 |          0.592293 |         0.826347 |              0.821448 |
|      88 |     0.543129 |          0.602981 |         0.818726 |              0.823081 |
|      89 |     0.53639  |          0.587475 |         0.823625 |              0.823625 |
|      90 |     0.539374 |          0.584231 |         0.823217 |              0.823081 |
|      91 |     0.535383 |          0.572788 |         0.825122 |              0.825259 |
|      92 |     0.533363 |          0.576293 |         0.825259 |              0.824714 |
|      93 |     0.53284  |          0.581599 |         0.825531 |              0.823081 |
|      94 |     0.534653 |          0.587562 |         0.826075 |              0.825259 |
|      95 |     0.530596 |          0.583772 |         0.825395 |              0.822537 |
|      96 |     0.536447 |          0.581429 |         0.824442 |              0.825259 |
|      97 |     0.53404  |          0.585159 |         0.824714 |              0.824714 |
|      98 |     0.533459 |          0.582758 |         0.826483 |              0.825803 |
|      99 |     0.535498 |          0.575558 |         0.825259 |              0.826347 |
|     100 |     0.534026 |          0.581216 |         0.825395 |              0.821992 |

########## Model 5 ##########

Test Accuracy: 82.05524861878453


|   Epoch |   Train Loss |   Validation Loss |   Train Accuracy |   Validation Accuracy |
|---------|--------------|-------------------|------------------|-----------------------|
|       1 |     1.23154  |          0.88085  |         0.737752 |              0.753402 |
|       2 |     0.973395 |          0.892678 |         0.715161 |              0.722373 |
|       3 |     0.841302 |          0.794963 |         0.7681   |              0.77681  |
|       4 |     0.767068 |          0.724059 |         0.784295 |              0.795863 |
|       5 |     0.721281 |          0.709328 |         0.788378 |              0.798585 |
|       6 |     0.704879 |          0.70215  |         0.790555 |              0.799673 |
|       7 |     0.683232 |          0.691416 |         0.795999 |              0.804573 |
|       8 |     0.672376 |          0.68298  |         0.806342 |              0.816549 |
|       9 |     0.668882 |          0.701542 |         0.802667 |              0.812738 |
|      10 |     0.665907 |          0.672546 |         0.807567 |              0.817093 |
|      11 |     0.676476 |          0.681651 |         0.811377 |              0.817637 |
|      12 |     0.656328 |          0.678627 |         0.811241 |              0.817637 |
|      13 |     0.653809 |          0.676383 |         0.812602 |              0.819271 |
|      14 |     0.623768 |          0.622119 |         0.812602 |              0.817093 |
|      15 |     0.579851 |          0.596536 |         0.812602 |              0.819815 |
|      16 |     0.573751 |          0.59216  |         0.812738 |              0.818726 |
|      17 |     0.5698   |          0.605945 |         0.813555 |              0.817093 |
|      18 |     0.565202 |          0.593939 |         0.814235 |              0.819271 |
|      19 |     0.567826 |          0.585944 |         0.816957 |              0.820904 |
|      20 |     0.573515 |          0.581198 |         0.814235 |              0.821992 |
|      21 |     0.56297  |          0.592247 |         0.815324 |              0.817093 |
|      22 |     0.554333 |          0.588423 |         0.818726 |              0.818182 |
|      23 |     0.55955  |          0.592008 |         0.815868 |              0.817637 |
|      24 |     0.558277 |          0.58     |         0.816549 |              0.820904 |
|      25 |     0.556539 |          0.59013  |         0.818182 |              0.814916 |
|      26 |     0.554907 |          0.606154 |         0.820495 |              0.818182 |
|      27 |     0.554148 |          0.582592 |         0.819951 |              0.819815 |
|      28 |     0.554139 |          0.60288  |         0.818318 |              0.820359 |
|      29 |     0.553103 |          0.590949 |         0.820904 |              0.818726 |
|      30 |     0.546836 |          0.584233 |         0.821584 |              0.819815 |
|      31 |     0.549413 |          0.587928 |         0.817501 |              0.821992 |
|      32 |     0.554297 |          0.594353 |         0.818046 |              0.822537 |
|      33 |     0.551345 |          0.593188 |         0.821992 |              0.821448 |
|      34 |     0.548475 |          0.586904 |         0.821584 |              0.821448 |
|      35 |     0.548053 |          0.573826 |         0.820631 |              0.821992 |
|      36 |     0.549392 |          0.590587 |         0.821448 |              0.824714 |
|      37 |     0.548776 |          0.590227 |         0.82172  |              0.82417  |
|      38 |     0.54784  |          0.587566 |         0.823898 |              0.823625 |
|      39 |     0.544889 |          0.593208 |         0.822537 |              0.820904 |
|      40 |     0.544345 |          0.586027 |         0.821584 |              0.822537 |
|      41 |     0.540364 |          0.594707 |         0.821448 |              0.822537 |
|      42 |     0.546796 |          0.579637 |         0.821176 |              0.821448 |
|      43 |     0.544293 |          0.590455 |         0.823625 |              0.823081 |
|      44 |     0.54412  |          0.580499 |         0.823217 |              0.824714 |
|      45 |     0.551247 |          0.585516 |         0.822265 |              0.821992 |
|      46 |     0.554521 |          0.569396 |         0.818862 |              0.820904 |
|      47 |     0.548102 |          0.579042 |         0.821992 |              0.822537 |
|      48 |     0.55759  |          0.574523 |         0.822128 |              0.825259 |
|      49 |     0.553146 |          0.573516 |         0.821176 |              0.823081 |
|      50 |     0.548276 |          0.576386 |         0.823081 |              0.823625 |
|      51 |     0.540376 |          0.570037 |         0.821992 |              0.825259 |
|      52 |     0.543195 |          0.572254 |         0.820631 |              0.823081 |
|      53 |     0.541602 |          0.587472 |         0.821992 |              0.822537 |
|      54 |     0.542639 |          0.592078 |         0.820495 |              0.821992 |
|      55 |     0.539687 |          0.575214 |         0.821856 |              0.821992 |
|      56 |     0.540218 |          0.576958 |         0.824442 |              0.825803 |
|      57 |     0.539584 |          0.576019 |         0.82417  |              0.823081 |
|      58 |     0.537207 |          0.582131 |         0.824578 |              0.822537 |
|      59 |     0.534144 |          0.577382 |         0.825667 |              0.826347 |
|      60 |     0.545981 |          0.586844 |         0.819679 |              0.821448 |
|      61 |     0.539872 |          0.574046 |         0.825259 |              0.825803 |
|      62 |     0.537318 |          0.575378 |         0.822673 |              0.823625 |
|      63 |     0.536088 |          0.582261 |         0.825531 |              0.825259 |
|      64 |     0.538508 |          0.586352 |         0.824442 |              0.821448 |
|      65 |     0.533937 |          0.576009 |         0.82417  |              0.822537 |
|      66 |     0.532359 |          0.580698 |         0.824442 |              0.823625 |
|      67 |     0.536523 |          0.580004 |         0.825259 |              0.822537 |
|      68 |     0.537652 |          0.582192 |         0.816957 |              0.817637 |
|      69 |     0.541329 |          0.57758  |         0.823762 |              0.822537 |
|      70 |     0.536841 |          0.586539 |         0.824986 |              0.825259 |
|      71 |     0.533986 |          0.574238 |         0.825122 |              0.825259 |
|      72 |     0.530294 |          0.587529 |         0.823217 |              0.823081 |
|      73 |     0.534843 |          0.578702 |         0.824714 |              0.821992 |
|      74 |     0.532835 |          0.583074 |         0.826075 |              0.825259 |
|      75 |     0.531109 |          0.573604 |         0.826075 |              0.825803 |
|      76 |     0.531135 |          0.586518 |         0.824306 |              0.821448 |
|      77 |     0.532693 |          0.587878 |         0.826483 |              0.824714 |
|      78 |     0.527859 |          0.585456 |         0.822809 |              0.818726 |
|      79 |     0.530829 |          0.587051 |         0.826211 |              0.824714 |
|      80 |     0.53238  |          0.587759 |         0.825259 |              0.822537 |
|      81 |     0.52588  |          0.577637 |         0.826619 |              0.827436 |
|      82 |     0.527228 |          0.577702 |         0.825939 |              0.82417  |
|      83 |     0.54831  |          0.589744 |         0.82104  |              0.820904 |
|      84 |     0.55216  |          0.583223 |         0.821992 |              0.823081 |
|      85 |     0.536994 |          0.574985 |         0.823625 |              0.826347 |
|      86 |     0.53255  |          0.584511 |         0.824034 |              0.82417  |
|      87 |     0.541337 |          0.585607 |         0.823489 |              0.823081 |
|      88 |     0.539708 |          0.57363  |         0.822265 |              0.821448 |
|      89 |     0.534022 |          0.581638 |         0.826075 |              0.826347 |
|      90 |     0.530549 |          0.583643 |         0.826075 |              0.825259 |
|      91 |     0.533126 |          0.582835 |         0.824306 |              0.821448 |
|      92 |     0.534165 |          0.591601 |         0.818318 |              0.820904 |
|      93 |     0.603169 |          0.616516 |         0.810561 |              0.816549 |
|      94 |     0.577393 |          0.598395 |         0.814099 |              0.823625 |
|      95 |     0.564073 |          0.598319 |         0.818726 |              0.820904 |
|      96 |     0.554592 |          0.584368 |         0.820087 |              0.823081 |
|      97 |     0.543853 |          0.572462 |         0.822265 |              0.825803 |
|      98 |     0.542878 |          0.581546 |         0.821176 |              0.823081 |
|      99 |     0.54053  |          0.57964  |         0.823762 |              0.826347 |
|     100 |     0.542868 |          0.578174 |         0.824578 |              0.826892 |

########## Model 6 ##########

Test Accuracy: 82.29834254143647


|   Epoch |   Train Loss |   Validation Loss |   Train Accuracy |   Validation Accuracy |
|---------|--------------|-------------------|------------------|-----------------------|
|       1 |     1.20428  |          0.841036 |         0.731219 |              0.747414 |
|       2 |     0.796183 |          0.719293 |         0.771502 |              0.781709 |
|       3 |     0.798859 |          0.693365 |         0.784703 |              0.796952 |
|       4 |     0.659441 |          0.628594 |         0.79423  |              0.805661 |
|       5 |     0.624959 |          0.625252 |         0.800218 |              0.80675  |
|       6 |     0.608931 |          0.602826 |         0.802123 |              0.810016 |
|       7 |     0.589427 |          0.595572 |         0.812466 |              0.818182 |
|       8 |     0.577945 |          0.593963 |         0.818046 |              0.825259 |
|       9 |     0.573292 |          0.593384 |         0.810969 |              0.816004 |
|      10 |     0.565917 |          0.602911 |         0.813827 |              0.819815 |
|      11 |     0.564148 |          0.591265 |         0.815596 |              0.821448 |
|      12 |     0.563267 |          0.575542 |         0.817774 |              0.820904 |
|      13 |     0.562999 |          0.590106 |         0.820631 |              0.82417  |
|      14 |     0.563363 |          0.590595 |         0.817637 |              0.821448 |
|      15 |     0.561725 |          0.601329 |         0.81301  |              0.816549 |
|      16 |     0.560229 |          0.602904 |         0.80988  |              0.818182 |
|      17 |     0.56168  |          0.574664 |         0.82104  |              0.821448 |
|      18 |     0.566268 |          0.578813 |         0.819815 |              0.820904 |
|      19 |     0.553962 |          0.584719 |         0.821448 |              0.825259 |
|      20 |     0.553653 |          0.582162 |         0.818862 |              0.822537 |
|      21 |     0.555861 |          0.59015  |         0.819271 |              0.821992 |
|      22 |     0.563897 |          0.58425  |         0.818862 |              0.821992 |
|      23 |     0.553722 |          0.586136 |         0.822537 |              0.825803 |
|      24 |     0.54757  |          0.578249 |         0.822809 |              0.824714 |
|      25 |     0.551983 |          0.595001 |         0.817637 |              0.821992 |
|      26 |     0.560961 |          0.598038 |         0.824034 |              0.823081 |
|      27 |     0.556792 |          0.587933 |         0.822537 |              0.822537 |
|      28 |     0.548599 |          0.580318 |         0.82417  |              0.821448 |
|      29 |     0.54923  |          0.582467 |         0.82485  |              0.825803 |
|      30 |     0.545627 |          0.574143 |         0.824306 |              0.824714 |
|      31 |     0.553465 |          0.584761 |         0.823353 |              0.823625 |
|      32 |     0.546411 |          0.578266 |         0.824986 |              0.825803 |
|      33 |     0.545522 |          0.574455 |         0.824578 |              0.824714 |
|      34 |     0.544849 |          0.669538 |         0.813963 |              0.81546  |
|      35 |     0.554234 |          0.583247 |         0.824306 |              0.822537 |
|      36 |     0.542335 |          0.578134 |         0.824442 |              0.822537 |
|      37 |     0.540281 |          0.585117 |         0.824986 |              0.822537 |
|      38 |     0.538758 |          0.578882 |         0.826075 |              0.824714 |
|      39 |     0.538549 |          0.577204 |         0.824578 |              0.825803 |
|      40 |     0.543066 |          0.5814   |         0.825803 |              0.825259 |
|      41 |     0.54994  |          0.57733  |         0.823898 |              0.824714 |
|      42 |     0.54003  |          0.586866 |         0.825667 |              0.822537 |
|      43 |     0.535646 |          0.588903 |         0.823762 |              0.822537 |
|      44 |     0.535334 |          0.588445 |         0.824714 |              0.823081 |
|      45 |     0.541477 |          0.581763 |         0.824034 |              0.820904 |
|      46 |     0.536407 |          0.577873 |         0.823353 |              0.824714 |
|      47 |     0.541391 |          0.585174 |         0.823625 |              0.824714 |
|      48 |     0.543859 |          0.580889 |         0.824034 |              0.823625 |
|      49 |     0.554518 |          0.585717 |         0.821312 |              0.823625 |
|      50 |     0.53757  |          0.578286 |         0.823489 |              0.823081 |
|      51 |     0.540769 |          0.569325 |         0.824714 |              0.823625 |
|      52 |     0.536888 |          0.597887 |         0.823489 |              0.819815 |
|      53 |     0.54487  |          0.577964 |         0.825667 |              0.825259 |
|      54 |     0.53807  |          0.590447 |         0.82485  |              0.821448 |
|      55 |     0.536372 |          0.589601 |         0.825803 |              0.823625 |
|      56 |     0.536757 |          0.582596 |         0.824306 |              0.821992 |
|      57 |     0.535662 |          0.578183 |         0.826619 |              0.824714 |
|      58 |     0.543205 |          0.583384 |         0.817637 |              0.816549 |
|      59 |     0.538923 |          0.573758 |         0.825395 |              0.825803 |
|      60 |     0.541164 |          0.583261 |         0.824034 |              0.823081 |
|      61 |     0.534418 |          0.597884 |         0.822809 |              0.821992 |
|      62 |     0.53384  |          0.585448 |         0.825803 |              0.824714 |
|      63 |     0.532628 |          0.595616 |         0.825531 |              0.821992 |
|      64 |     0.538889 |          0.608455 |         0.824578 |              0.825259 |
|      65 |     0.540959 |          0.586212 |         0.824578 |              0.82417  |
|      66 |     0.534343 |          0.583299 |         0.825939 |              0.824714 |
|      67 |     0.532573 |          0.581572 |         0.824578 |              0.819271 |
|      68 |     0.531209 |          0.599832 |         0.818998 |              0.81546  |
|      69 |     0.528939 |          0.581022 |         0.826483 |              0.821992 |
|      70 |     0.529096 |          0.584343 |         0.827028 |              0.824714 |
|      71 |     0.540321 |          0.584338 |         0.826756 |              0.826347 |
|      72 |     0.528888 |          0.588084 |         0.826619 |              0.825803 |
|      73 |     0.528239 |          0.591897 |         0.826075 |              0.825803 |
|      74 |     0.530297 |          0.585361 |         0.826075 |              0.826347 |
|      75 |     0.533691 |          0.595252 |         0.825395 |              0.824714 |
|      76 |     0.537197 |          0.579212 |         0.826211 |              0.825803 |
|      77 |     0.532671 |          0.581794 |         0.825122 |              0.825259 |
|      78 |     0.535442 |          0.577728 |         0.825939 |              0.824714 |
|      79 |     0.538958 |          0.586547 |         0.824986 |              0.821448 |
|      80 |     0.541308 |          0.594423 |         0.826211 |              0.824714 |
|      81 |     0.531079 |          0.588833 |         0.825667 |              0.820359 |
|      82 |     0.533534 |          0.594477 |         0.826211 |              0.823081 |
|      83 |     0.530023 |          0.593106 |         0.825531 |              0.826347 |
|      84 |     0.532448 |          0.588564 |         0.826211 |              0.824714 |
|      85 |     0.532022 |          0.592548 |         0.826483 |              0.823081 |
|      86 |     0.529491 |          0.579857 |         0.826756 |              0.825803 |
|      87 |     0.528815 |          0.582363 |         0.827028 |              0.82417  |
|      88 |     0.530726 |          0.577976 |         0.825531 |              0.825259 |
|      89 |     0.539665 |          0.572673 |         0.824986 |              0.825803 |
|      90 |     0.528189 |          0.577575 |         0.826347 |              0.824714 |
|      91 |     0.527273 |          0.595825 |         0.824034 |              0.818726 |
|      92 |     0.527888 |          0.584333 |         0.825939 |              0.820359 |
|      93 |     0.524535 |          0.580007 |         0.826075 |              0.823625 |
|      94 |     0.524814 |          0.576778 |         0.826075 |              0.821992 |
|      95 |     0.526098 |          0.587179 |         0.8273   |              0.82417  |
|      96 |     0.524838 |          0.578269 |         0.827436 |              0.823081 |
|      97 |     0.522127 |          0.587842 |         0.827572 |              0.823081 |
|      98 |     0.529816 |          0.573843 |         0.824578 |              0.82417  |
|      99 |     0.52743  |          0.581801 |         0.825667 |              0.821448 |
|     100 |     0.526366 |          0.58007  |         0.824578 |              0.823081 |

########## Model 7 ##########

Test Accuracy: 82.23204419889503


|   Epoch |   Train Loss |   Validation Loss |   Train Accuracy |   Validation Accuracy |
|---------|--------------|-------------------|------------------|-----------------------|
|       1 |     1.6258   |          0.839312 |         0.729722 |              0.745237 |
|       2 |     0.803978 |          0.71958  |         0.750817 |              0.763745 |
|       3 |     0.698705 |          0.653943 |         0.787425 |              0.795318 |
|       4 |     0.655502 |          0.620679 |         0.797224 |              0.806206 |
|       5 |     0.641902 |          0.628904 |         0.797088 |              0.807295 |
|       6 |     0.633022 |          0.604718 |         0.79804  |              0.805661 |
|       7 |     0.611083 |          0.609351 |         0.808928 |              0.820359 |
|       8 |     0.608457 |          0.619071 |         0.80294  |              0.810016 |
|       9 |     0.622024 |          0.603171 |         0.808519 |              0.817637 |
|      10 |     0.599286 |          0.59876  |         0.813555 |              0.819271 |
|      11 |     0.582819 |          0.60425  |         0.812738 |              0.820904 |
|      12 |     0.585162 |          0.60168  |         0.813691 |              0.820904 |
|      13 |     0.585322 |          0.593543 |         0.815052 |              0.816004 |
|      14 |     0.576623 |          0.594554 |         0.816957 |              0.818726 |
|      15 |     0.573541 |          0.591694 |         0.818862 |              0.820904 |
|      16 |     0.575783 |          0.601768 |         0.810697 |              0.817637 |
|      17 |     0.571539 |          0.575046 |         0.816549 |              0.819815 |
|      18 |     0.566488 |          0.581142 |         0.817093 |              0.819271 |
|      19 |     0.566404 |          0.572886 |         0.815596 |              0.81546  |
|      20 |     0.55923  |          0.571191 |         0.817229 |              0.819815 |
|      21 |     0.559598 |          0.569954 |         0.820223 |              0.821448 |
|      22 |     0.562087 |          0.570066 |         0.817774 |              0.819271 |
|      23 |     0.557448 |          0.580575 |         0.819951 |              0.821448 |
|      24 |     0.552122 |          0.570187 |         0.820768 |              0.823081 |
|      25 |     0.554548 |          0.581587 |         0.820495 |              0.820904 |
|      26 |     0.551876 |          0.572325 |         0.818726 |              0.821448 |
|      27 |     0.550959 |          0.56359  |         0.819407 |              0.823081 |
|      28 |     0.556668 |          0.580795 |         0.820904 |              0.822537 |
|      29 |     0.567057 |          0.57138  |         0.814099 |              0.817093 |
|      30 |     0.553936 |          0.572106 |         0.81791  |              0.819271 |
|      31 |     0.552047 |          0.573061 |         0.820359 |              0.820904 |
|      32 |     0.550899 |          0.572278 |         0.820631 |              0.82417  |
|      33 |     0.552256 |          0.578147 |         0.819271 |              0.822537 |
|      34 |     0.552109 |          0.572505 |         0.820631 |              0.823081 |
|      35 |     0.54491  |          0.566613 |         0.820223 |              0.824714 |
|      36 |     0.543285 |          0.572628 |         0.821176 |              0.824714 |
|      37 |     0.543687 |          0.576605 |         0.821856 |              0.822537 |
|      38 |     0.543098 |          0.575384 |         0.820631 |              0.819815 |
|      39 |     0.54257  |          0.581513 |         0.819951 |              0.819815 |
|      40 |     0.546832 |          0.577681 |         0.817365 |              0.820904 |
|      41 |     0.54359  |          0.585761 |         0.820087 |              0.823625 |
|      42 |     0.539652 |          0.595252 |         0.823625 |              0.820904 |
|      43 |     0.542841 |          0.576513 |         0.816685 |              0.817637 |
|      44 |     0.544301 |          0.571355 |         0.822128 |              0.82417  |
|      45 |     0.539074 |          0.571248 |         0.823762 |              0.823625 |
|      46 |     0.540387 |          0.583678 |         0.824442 |              0.824714 |
|      47 |     0.542064 |          0.578454 |         0.822537 |              0.821992 |
|      48 |     0.540135 |          0.574824 |         0.822401 |              0.820904 |
|      49 |     0.543337 |          0.57722  |         0.821176 |              0.821448 |
|      50 |     0.541851 |          0.573407 |         0.821176 |              0.821992 |
|      51 |     0.543061 |          0.588004 |         0.821176 |              0.817637 |
|      52 |     0.540473 |          0.574164 |         0.823898 |              0.821992 |
|      53 |     0.539915 |          0.581612 |         0.821856 |              0.819271 |
|      54 |     0.537646 |          0.573377 |         0.82485  |              0.823625 |
|      55 |     0.533968 |          0.585515 |         0.823762 |              0.820904 |
|      56 |     0.53606  |          0.572292 |         0.822401 |              0.818726 |
|      57 |     0.53807  |          0.576495 |         0.824578 |              0.822537 |
|      58 |     0.533462 |          0.591376 |         0.824442 |              0.820359 |
|      59 |     0.538026 |          0.580006 |         0.821992 |              0.824714 |
|      60 |     0.533814 |          0.58623  |         0.824306 |              0.820359 |
|      61 |     0.535245 |          0.573166 |         0.82417  |              0.825259 |
|      62 |     0.534543 |          0.57612  |         0.823625 |              0.821448 |
|      63 |     0.533373 |          0.56822  |         0.825531 |              0.821992 |
|      64 |     0.534013 |          0.577747 |         0.821312 |              0.821448 |
|      65 |     0.533066 |          0.56553  |         0.82417  |              0.821992 |
|      66 |     0.529669 |          0.568379 |         0.824306 |              0.821992 |
|      67 |     0.530486 |          0.58496  |         0.825667 |              0.825259 |
|      68 |     0.532824 |          0.576311 |         0.823353 |              0.82417  |
|      69 |     0.531883 |          0.579669 |         0.825122 |              0.82417  |
|      70 |     0.532161 |          0.570393 |         0.825122 |              0.82417  |
|      71 |     0.536269 |          0.572821 |         0.825122 |              0.820359 |
|      72 |     0.531548 |          0.582677 |         0.825395 |              0.82417  |
|      73 |     0.536431 |          0.587516 |         0.82485  |              0.821992 |
|      74 |     0.530958 |          0.585944 |         0.82417  |              0.823081 |
|      75 |     0.532844 |          0.572612 |         0.823762 |              0.820359 |
|      76 |     0.533854 |          0.582952 |         0.824306 |              0.823625 |
|      77 |     0.529482 |          0.586625 |         0.824306 |              0.820359 |
|      78 |     0.530414 |          0.572589 |         0.826347 |              0.825803 |
|      79 |     0.532794 |          0.576006 |         0.82485  |              0.825259 |
|      80 |     0.530625 |          0.582013 |         0.824306 |              0.821992 |
|      81 |     0.536033 |          0.577805 |         0.825803 |              0.82417  |
|      82 |     0.53384  |          0.574276 |         0.823625 |              0.820359 |
|      83 |     0.528168 |          0.575792 |         0.824714 |              0.822537 |
|      84 |     0.525382 |          0.583715 |         0.825803 |              0.823625 |
|      85 |     0.52925  |          0.587369 |         0.823762 |              0.825803 |
|      86 |     0.530636 |          0.581238 |         0.824306 |              0.820904 |
|      87 |     0.53274  |          0.584874 |         0.825531 |              0.82417  |
|      88 |     0.530823 |          0.570909 |         0.824714 |              0.824714 |
|      89 |     0.533085 |          0.579676 |         0.825259 |              0.824714 |
|      90 |     0.524475 |          0.585897 |         0.825395 |              0.821448 |
|      91 |     0.529819 |          0.579979 |         0.825939 |              0.825259 |
|      92 |     0.529247 |          0.593112 |         0.823489 |              0.819271 |
|      93 |     0.528146 |          0.588093 |         0.825395 |              0.824714 |
|      94 |     0.527764 |          0.579239 |         0.826619 |              0.825259 |
|      95 |     0.526208 |          0.580203 |         0.823762 |              0.822537 |
|      96 |     0.526048 |          0.588382 |         0.825122 |              0.824714 |
|      97 |     0.530961 |          0.583941 |         0.824306 |              0.818726 |
|      98 |     0.528082 |          0.582464 |         0.825122 |              0.820904 |
|      99 |     0.525856 |          0.577169 |         0.826619 |              0.825259 |
|     100 |     0.526255 |          0.593244 |         0.825395 |              0.820359 |

########## Model 8 ##########

Test Accuracy: 82.25414364640883


|   Epoch |   Train Loss |   Validation Loss |   Train Accuracy |   Validation Accuracy |
|---------|--------------|-------------------|------------------|-----------------------|
|       1 |     1.16715  |          0.8649   |         0.733941 |              0.748503 |
|       2 |     0.837381 |          0.782493 |         0.774224 |              0.781709 |
|       3 |     0.733616 |          0.717102 |         0.794638 |              0.800762 |
|       4 |     0.775853 |          0.759234 |         0.779668 |              0.789875 |
|       5 |     0.720288 |          0.695296 |         0.799809 |              0.807839 |
|       6 |     0.689294 |          0.687609 |         0.805389 |              0.811649 |
|       7 |     0.678939 |          0.700281 |         0.805661 |              0.812738 |
|       8 |     0.666379 |          0.6642   |         0.807431 |              0.812194 |
|       9 |     0.66025  |          0.675076 |         0.809608 |              0.810561 |
|      10 |     0.658136 |          0.678428 |         0.807295 |              0.814916 |
|      11 |     0.659012 |          0.653307 |         0.800626 |              0.805661 |
|      12 |     0.650421 |          0.660781 |         0.81301  |              0.817093 |
|      13 |     0.645668 |          0.659508 |         0.813283 |              0.817093 |
|      14 |     0.643527 |          0.662363 |         0.820631 |              0.826892 |
|      15 |     0.640353 |          0.658802 |         0.813691 |              0.816549 |
|      16 |     0.634411 |          0.669481 |         0.808247 |              0.811105 |
|      17 |     0.633801 |          0.663616 |         0.817774 |              0.821992 |
|      18 |     0.636554 |          0.668829 |         0.822128 |              0.825803 |
|      19 |     0.635794 |          0.675393 |         0.823353 |              0.825803 |
|      20 |     0.631365 |          0.658142 |         0.822945 |              0.825803 |
|      21 |     0.630667 |          0.660794 |         0.821992 |              0.823081 |
|      22 |     0.629781 |          0.65823  |         0.823353 |              0.825259 |
|      23 |     0.633542 |          0.664683 |         0.811377 |              0.818182 |
|      24 |     0.641657 |          0.667824 |         0.819815 |              0.82417  |
|      25 |     0.62999  |          0.649218 |         0.823217 |              0.82417  |
|      26 |     0.626193 |          0.661392 |         0.823625 |              0.824714 |
|      27 |     0.632355 |          0.667747 |         0.821312 |              0.818726 |
|      28 |     0.629716 |          0.653785 |         0.823489 |              0.825259 |
|      29 |     0.626032 |          0.652065 |         0.821856 |              0.821992 |
|      30 |     0.627241 |          0.661607 |         0.821992 |              0.822537 |
|      31 |     0.623251 |          0.657004 |         0.82417  |              0.820904 |
|      32 |     0.628052 |          0.660711 |         0.823489 |              0.823081 |
|      33 |     0.622117 |          0.651264 |         0.824578 |              0.825803 |
|      34 |     0.622356 |          0.667326 |         0.82417  |              0.820359 |
|      35 |     0.619463 |          0.664482 |         0.824578 |              0.823625 |
|      36 |     0.620436 |          0.65508  |         0.824714 |              0.820359 |
|      37 |     0.622083 |          0.64693  |         0.824714 |              0.821448 |
|      38 |     0.621879 |          0.653366 |         0.82417  |              0.825259 |
|      39 |     0.621739 |          0.653656 |         0.824034 |              0.820359 |
|      40 |     0.624316 |          0.662677 |         0.822265 |              0.825803 |
|      41 |     0.620742 |          0.65601  |         0.823489 |              0.821992 |
|      42 |     0.618878 |          0.660844 |         0.824442 |              0.821992 |
|      43 |     0.619899 |          0.644874 |         0.822945 |              0.822537 |
|      44 |     0.618181 |          0.65781  |         0.824578 |              0.820359 |
|      45 |     0.616205 |          0.643358 |         0.824578 |              0.825259 |
|      46 |     0.615893 |          0.658152 |         0.822945 |              0.819815 |
|      47 |     0.613855 |          0.654908 |         0.825531 |              0.82417  |
|      48 |     0.615288 |          0.652348 |         0.823762 |              0.82417  |
|      49 |     0.618971 |          0.654467 |         0.822809 |              0.818726 |
|      50 |     0.614946 |          0.65715  |         0.824986 |              0.821992 |
|      51 |     0.616153 |          0.660005 |         0.82485  |              0.820359 |
|      52 |     0.613626 |          0.664196 |         0.825939 |              0.823625 |
|      53 |     0.614057 |          0.64782  |         0.825667 |              0.825803 |
|      54 |     0.612044 |          0.6638   |         0.824714 |              0.820359 |
|      55 |     0.61281  |          0.659642 |         0.823762 |              0.820904 |
|      56 |     0.613484 |          0.664163 |         0.825122 |              0.822537 |
|      57 |     0.615384 |          0.656439 |         0.825122 |              0.825259 |
|      58 |     0.613622 |          0.656148 |         0.82485  |              0.823081 |
|      59 |     0.610862 |          0.656869 |         0.825259 |              0.820359 |
|      60 |     0.618485 |          0.652393 |         0.826075 |              0.824714 |
|      61 |     0.614847 |          0.651307 |         0.826211 |              0.823081 |
|      62 |     0.611521 |          0.654301 |         0.825803 |              0.824714 |
|      63 |     0.609078 |          0.66704  |         0.82417  |              0.82417  |
|      64 |     0.618325 |          0.660419 |         0.822401 |              0.817637 |
|      65 |     0.617786 |          0.65279  |         0.826211 |              0.826347 |
|      66 |     0.61278  |          0.658861 |         0.825667 |              0.823081 |
|      67 |     0.607071 |          0.647609 |         0.825939 |              0.823625 |
|      68 |     0.60893  |          0.652813 |         0.825531 |              0.819271 |
|      69 |     0.611299 |          0.662402 |         0.825122 |              0.824714 |
|      70 |     0.611172 |          0.656623 |         0.825395 |              0.824714 |
|      71 |     0.610309 |          0.66537  |         0.825531 |              0.820904 |
|      72 |     0.609116 |          0.651822 |         0.826756 |              0.82417  |
|      73 |     0.609219 |          0.651071 |         0.826483 |              0.825259 |
|      74 |     0.605354 |          0.666628 |         0.827028 |              0.825259 |
|      75 |     0.607823 |          0.654721 |         0.826483 |              0.826347 |
|      76 |     0.607378 |          0.657889 |         0.826892 |              0.825803 |
|      77 |     0.605322 |          0.65844  |         0.827028 |              0.826347 |
|      78 |     0.609095 |          0.657543 |         0.826619 |              0.824714 |
|      79 |     0.615789 |          0.654878 |         0.823217 |              0.826892 |
|      80 |     0.614496 |          0.652501 |         0.822537 |              0.822537 |
|      81 |     0.610554 |          0.64941  |         0.826756 |              0.825259 |
|      82 |     0.607122 |          0.644807 |         0.825939 |              0.82417  |
|      83 |     0.608722 |          0.663171 |         0.826892 |              0.824714 |
|      84 |     0.605889 |          0.657026 |         0.8273   |              0.826892 |
|      85 |     0.605117 |          0.653417 |         0.826347 |              0.823625 |
|      86 |     0.604763 |          0.658841 |         0.826211 |              0.822537 |
|      87 |     0.606173 |          0.643983 |         0.825939 |              0.823625 |
|      88 |     0.605946 |          0.65863  |         0.825531 |              0.823081 |
|      89 |     0.606612 |          0.649405 |         0.826619 |              0.823625 |
|      90 |     0.601955 |          0.667976 |         0.8273   |              0.824714 |
|      91 |     0.606078 |          0.656391 |         0.827028 |              0.826892 |
|      92 |     0.606681 |          0.647941 |         0.826483 |              0.823625 |
|      93 |     0.606314 |          0.661604 |         0.825939 |              0.820359 |
|      94 |     0.60775  |          0.655808 |         0.827572 |              0.825259 |
|      95 |     0.604245 |          0.655532 |         0.826756 |              0.823081 |
|      96 |     0.604184 |          0.675898 |         0.822401 |              0.817637 |
|      97 |     0.608334 |          0.658171 |         0.827436 |              0.826347 |
|      98 |     0.603863 |          0.659733 |         0.826483 |              0.823625 |
|      99 |     0.607492 |          0.653611 |         0.826619 |              0.821992 |
|     100 |     0.604876 |          0.659555 |         0.825259 |              0.821992 |

########## Model 9 ##########

Test Accuracy: 81.90055248618785


|   Epoch |   Train Loss |   Validation Loss |   Train Accuracy |   Validation Accuracy |
|---------|--------------|-------------------|------------------|-----------------------|
|       1 |     1.52241  |          1.05872  |         0.762248 |              0.771366 |
|       2 |     1.00852  |          0.88674  |         0.774496 |              0.783887 |
|       3 |     0.891605 |          0.856399 |         0.7911   |              0.805117 |
|       4 |     0.860739 |          0.814114 |         0.798176 |              0.807295 |
|       5 |     0.83994  |          0.801307 |         0.800762 |              0.812738 |
|       6 |     0.833766 |          0.812771 |         0.796679 |              0.807295 |
|       7 |     0.824376 |          0.804768 |         0.804437 |              0.812194 |
|       8 |     0.815228 |          0.804149 |         0.801034 |              0.808383 |
|       9 |     0.814901 |          0.820598 |         0.806886 |              0.812738 |
|      10 |     0.812221 |          0.797461 |         0.805117 |              0.810561 |
|      11 |     0.806168 |          0.804169 |         0.806206 |              0.810561 |
|      12 |     0.807732 |          0.803576 |         0.805934 |              0.811105 |
|      13 |     0.804766 |          0.798911 |         0.807975 |              0.813283 |
|      14 |     0.803208 |          0.789606 |         0.809336 |              0.81546  |
|      15 |     0.803244 |          0.802416 |         0.809744 |              0.813283 |
|      16 |     0.800438 |          0.803546 |         0.804981 |              0.811105 |
|      17 |     0.800531 |          0.790639 |         0.812194 |              0.81546  |
|      18 |     0.796368 |          0.790819 |         0.807158 |              0.811649 |
|      19 |     0.798406 |          0.789981 |         0.810289 |              0.816004 |
|      20 |     0.794259 |          0.794011 |         0.810833 |              0.816004 |
|      21 |     0.795643 |          0.795558 |         0.811922 |              0.816549 |
|      22 |     0.794976 |          0.791526 |         0.809608 |              0.813827 |
|      23 |     0.79141  |          0.784402 |         0.812466 |              0.816549 |
|      24 |     0.789326 |          0.787703 |         0.812194 |              0.817093 |
|      25 |     0.791886 |          0.791939 |         0.812194 |              0.81546  |
|      26 |     0.791814 |          0.795766 |         0.81233  |              0.816549 |
|      27 |     0.790955 |          0.789394 |         0.810425 |              0.814916 |
|      28 |     0.794878 |          0.798385 |         0.810289 |              0.812194 |
|      29 |     0.791841 |          0.79386  |         0.812466 |              0.81546  |
|      30 |     0.794304 |          0.787315 |         0.812738 |              0.814371 |
|      31 |     0.781583 |          0.726226 |         0.817637 |              0.819815 |
|      32 |     0.728183 |          0.724223 |         0.819543 |              0.820359 |
|      33 |     0.723856 |          0.726223 |         0.819815 |              0.823625 |
|      34 |     0.727419 |          0.717687 |         0.81478  |              0.818182 |
|      35 |     0.721877 |          0.715087 |         0.820359 |              0.821448 |
|      36 |     0.720763 |          0.724426 |         0.818726 |              0.825259 |
|      37 |     0.714224 |          0.712156 |         0.819134 |              0.820359 |
|      38 |     0.714886 |          0.724149 |         0.820223 |              0.823625 |
|      39 |     0.715779 |          0.712637 |         0.819543 |              0.824714 |
|      40 |     0.720458 |          0.715536 |         0.820631 |              0.823625 |
|      41 |     0.715514 |          0.725168 |         0.816277 |              0.821992 |
|      42 |     0.715061 |          0.725655 |         0.819815 |              0.825259 |
|      43 |     0.714039 |          0.708144 |         0.818454 |              0.821448 |
|      44 |     0.712379 |          0.711133 |         0.819271 |              0.820904 |
|      45 |     0.714628 |          0.715545 |         0.819134 |              0.821448 |
|      46 |     0.708334 |          0.716374 |         0.821448 |              0.824714 |
|      47 |     0.719615 |          0.738673 |         0.814371 |              0.814916 |
|      48 |     0.721902 |          0.725956 |         0.820087 |              0.820904 |
|      49 |     0.71514  |          0.714064 |         0.819951 |              0.823081 |
|      50 |     0.713893 |          0.713628 |         0.821448 |              0.820359 |
|      51 |     0.712262 |          0.721467 |         0.820359 |              0.823625 |
|      52 |     0.717918 |          0.713813 |         0.820904 |              0.820359 |
|      53 |     0.715219 |          0.718774 |         0.81301  |              0.811105 |
|      54 |     0.712206 |          0.736866 |         0.813419 |              0.819815 |
|      55 |     0.713425 |          0.711352 |         0.821856 |              0.823081 |
|      56 |     0.709432 |          0.724047 |         0.82104  |              0.821992 |
|      57 |     0.70973  |          0.725059 |         0.818318 |              0.825259 |
|      58 |     0.711056 |          0.715876 |         0.820495 |              0.824714 |
|      59 |     0.708046 |          0.713379 |         0.822265 |              0.823625 |
|      60 |     0.708339 |          0.722982 |         0.821448 |              0.823625 |
|      61 |     0.708614 |          0.710117 |         0.822673 |              0.82417  |
|      62 |     0.705269 |          0.729893 |         0.822128 |              0.823081 |
|      63 |     0.71005  |          0.709222 |         0.82104  |              0.820359 |
|      64 |     0.70841  |          0.711294 |         0.820768 |              0.820904 |
|      65 |     0.708138 |          0.715864 |         0.819679 |              0.819271 |
|      66 |     0.711893 |          0.730367 |         0.821992 |              0.823625 |
|      67 |     0.712776 |          0.727825 |         0.819951 |              0.821448 |
|      68 |     0.709932 |          0.715572 |         0.822401 |              0.82417  |
|      69 |     0.705439 |          0.712394 |         0.820768 |              0.822537 |
|      70 |     0.702261 |          0.736096 |         0.822401 |              0.82417  |
|      71 |     0.703605 |          0.717149 |         0.822128 |              0.820904 |
|      72 |     0.704152 |          0.710254 |         0.820768 |              0.820904 |
|      73 |     0.70384  |          0.717762 |         0.822537 |              0.823081 |
|      74 |     0.704481 |          0.723133 |         0.821992 |              0.819815 |
|      75 |     0.700458 |          0.717527 |         0.822809 |              0.823081 |
|      76 |     0.704994 |          0.718506 |         0.823217 |              0.823625 |
|      77 |     0.703223 |          0.713582 |         0.822265 |              0.820359 |
|      78 |     0.711437 |          0.743348 |         0.81791  |              0.821448 |
|      79 |     0.70758  |          0.721277 |         0.818998 |              0.818726 |
|      80 |     0.70201  |          0.718464 |         0.822673 |              0.822537 |
|      81 |     0.701889 |          0.719779 |         0.821856 |              0.821448 |
|      82 |     0.705237 |          0.725997 |         0.821856 |              0.82417  |
|      83 |     0.703211 |          0.717741 |         0.822945 |              0.82417  |
|      84 |     0.703343 |          0.714764 |         0.821856 |              0.819815 |
|      85 |     0.70096  |          0.724921 |         0.819815 |              0.82417  |
|      86 |     0.703642 |          0.722006 |         0.822401 |              0.823625 |
|      87 |     0.702098 |          0.712925 |         0.822265 |              0.821992 |
|      88 |     0.701159 |          0.711646 |         0.823489 |              0.823625 |
|      89 |     0.698978 |          0.723382 |         0.823081 |              0.823081 |
|      90 |     0.697    |          0.712308 |         0.821992 |              0.819815 |
|      91 |     0.695235 |          0.720988 |         0.822945 |              0.823625 |
|      92 |     0.699311 |          0.711265 |         0.822945 |              0.82417  |
|      93 |     0.700169 |          0.718269 |         0.819951 |              0.820359 |
|      94 |     0.706644 |          0.718158 |         0.822537 |              0.823625 |
|      95 |     0.700709 |          0.716205 |         0.822809 |              0.823081 |
|      96 |     0.696671 |          0.725277 |         0.822265 |              0.822537 |
|      97 |     0.698784 |          0.712618 |         0.821992 |              0.820904 |
|      98 |     0.698082 |          0.729229 |         0.822809 |              0.821992 |
|      99 |     0.695946 |          0.713809 |         0.823489 |              0.82417  |
|     100 |     0.701302 |          0.715697 |         0.821312 |              0.82417  |

########## Model 10 ##########

Test Accuracy: 82.05524861878453


|   Epoch |   Train Loss |   Validation Loss |   Train Accuracy |   Validation Accuracy |
|---------|--------------|-------------------|------------------|-----------------------|
|       1 |     1.35335  |          0.973167 |         0.731083 |              0.748503 |
|       2 |     0.97859  |          0.867544 |         0.757485 |              0.771911 |
|       3 |     0.903753 |          0.829324 |         0.792188 |              0.799673 |
|       4 |     0.851993 |          0.801314 |         0.796543 |              0.807295 |
|       5 |     0.830598 |          0.817169 |         0.793685 |              0.804573 |
|       6 |     0.815604 |          0.798966 |         0.804573 |              0.811105 |
|       7 |     0.804958 |          0.800118 |         0.805797 |              0.810561 |
|       8 |     0.803691 |          0.787061 |         0.809336 |              0.812738 |
|       9 |     0.781478 |          0.727514 |         0.816549 |              0.825803 |
|      10 |     0.726478 |          0.71343  |         0.817365 |              0.82417  |
|      11 |     0.717933 |          0.714926 |         0.810697 |              0.821448 |
|      12 |     0.713462 |          0.691805 |         0.819134 |              0.827436 |
|      13 |     0.709437 |          0.699993 |         0.818726 |              0.825803 |
|      14 |     0.704263 |          0.70077  |         0.819543 |              0.82798  |
|      15 |     0.701816 |          0.695583 |         0.820904 |              0.826892 |
|      16 |     0.701992 |          0.694064 |         0.818998 |              0.82417  |
|      17 |     0.69738  |          0.683734 |         0.820087 |              0.823625 |
|      18 |     0.651247 |          0.592098 |         0.81614  |              0.821992 |
|      19 |     0.566241 |          0.583928 |         0.821312 |              0.826347 |
|      20 |     0.563644 |          0.575196 |         0.820904 |              0.822537 |
|      21 |     0.556393 |          0.578655 |         0.821312 |              0.82417  |
|      22 |     0.558935 |          0.580363 |         0.820087 |              0.826892 |
|      23 |     0.560185 |          0.582064 |         0.819271 |              0.819815 |
|      24 |     0.557981 |          0.58151  |         0.821312 |              0.824714 |
|      25 |     0.55503  |          0.581126 |         0.820904 |              0.825259 |
|      26 |     0.551988 |          0.581743 |         0.822401 |              0.826347 |
|      27 |     0.553619 |          0.576833 |         0.819407 |              0.821992 |
|      28 |     0.549842 |          0.607319 |         0.820768 |              0.821992 |
|      29 |     0.576013 |          0.593717 |         0.820631 |              0.826347 |
|      30 |     0.549089 |          0.580096 |         0.823353 |              0.826892 |
|      31 |     0.553372 |          0.58145  |         0.822128 |              0.825803 |
|      32 |     0.551921 |          0.585481 |         0.821856 |              0.821448 |
|      33 |     0.546764 |          0.573965 |         0.823081 |              0.827436 |
|      34 |     0.548186 |          0.584434 |         0.823217 |              0.825803 |
|      35 |     0.549338 |          0.607983 |         0.813283 |              0.81546  |
|      36 |     0.576252 |          0.574221 |         0.822945 |              0.826892 |
|      37 |     0.547821 |          0.588632 |         0.820768 |              0.825259 |
|      38 |     0.546719 |          0.585261 |         0.822265 |              0.82417  |
|      39 |     0.545145 |          0.576318 |         0.822265 |              0.826892 |
|      40 |     0.546739 |          0.581622 |         0.824714 |              0.82417  |
|      41 |     0.549185 |          0.605969 |         0.807703 |              0.808928 |
|      42 |     0.572012 |          0.586106 |         0.817774 |              0.820904 |
|      43 |     0.577086 |          0.592373 |         0.80988  |              0.820359 |
|      44 |     0.587799 |          0.594277 |         0.81478  |              0.820904 |
|      45 |     0.577964 |          0.593234 |         0.807975 |              0.814371 |
|      46 |     0.558406 |          0.586736 |         0.820087 |              0.824714 |
|      47 |     0.549311 |          0.577023 |         0.821992 |              0.824714 |
|      48 |     0.551252 |          0.586597 |         0.818318 |              0.823625 |
|      49 |     0.544252 |          0.57975  |         0.823217 |              0.824714 |
|      50 |     0.547853 |          0.580475 |         0.82417  |              0.82417  |
|      51 |     0.542975 |          0.583448 |         0.823898 |              0.826347 |
|      52 |     0.543286 |          0.584033 |         0.822945 |              0.823081 |
|      53 |     0.540945 |          0.586153 |         0.823489 |              0.824714 |
|      54 |     0.546351 |          0.577903 |         0.82417  |              0.826347 |
|      55 |     0.540359 |          0.601562 |         0.823625 |              0.821448 |
|      56 |     0.542405 |          0.57894  |         0.824034 |              0.824714 |
|      57 |     0.542696 |          0.587418 |         0.824442 |              0.821992 |
|      58 |     0.543339 |          0.57974  |         0.823081 |              0.82417  |
|      59 |     0.540372 |          0.576162 |         0.824714 |              0.825259 |
|      60 |     0.540643 |          0.579023 |         0.822673 |              0.821992 |
|      61 |     0.551634 |          0.573218 |         0.823081 |              0.823625 |
|      62 |     0.539132 |          0.593212 |         0.82485  |              0.825259 |
|      63 |     0.537872 |          0.586183 |         0.82485  |              0.823625 |
|      64 |     0.539604 |          0.597341 |         0.821448 |              0.819271 |
|      65 |     0.538247 |          0.595865 |         0.819271 |              0.819815 |
|      66 |     0.542104 |          0.584881 |         0.823898 |              0.826347 |
|      67 |     0.536252 |          0.585449 |         0.82485  |              0.823625 |
|      68 |     0.534806 |          0.600094 |         0.821584 |              0.82417  |
|      69 |     0.547074 |          0.582951 |         0.823217 |              0.820904 |
|      70 |     0.538922 |          0.582116 |         0.823489 |              0.821448 |
|      71 |     0.539907 |          0.588155 |         0.824442 |              0.82417  |
|      72 |     0.536365 |          0.595233 |         0.824034 |              0.823081 |
|      73 |     0.54121  |          0.596794 |         0.824306 |              0.821992 |
|      74 |     0.535931 |          0.58855  |         0.82485  |              0.82417  |
|      75 |     0.555367 |          0.598095 |         0.822945 |              0.826347 |
|      76 |     0.550001 |          0.574398 |         0.823489 |              0.821992 |
|      77 |     0.560537 |          0.571532 |         0.822537 |              0.825803 |
|      78 |     0.545558 |          0.664711 |         0.811786 |              0.817637 |
|      79 |     0.591938 |          0.583708 |         0.810697 |              0.816004 |
|      80 |     0.578488 |          0.583939 |         0.817501 |              0.822537 |
|      81 |     0.569189 |          0.589083 |         0.818318 |              0.821992 |
|      82 |     0.563771 |          0.578017 |         0.818726 |              0.821992 |
|      83 |     0.56019  |          0.581773 |         0.820359 |              0.821448 |
|      84 |     0.558314 |          0.575038 |         0.820223 |              0.821992 |
|      85 |     0.555274 |          0.578524 |         0.82104  |              0.825259 |
|      86 |     0.553057 |          0.582738 |         0.820631 |              0.824714 |
|      87 |     0.551442 |          0.580516 |         0.821176 |              0.821448 |
|      88 |     0.552571 |          0.571094 |         0.82172  |              0.825259 |
|      89 |     0.547831 |          0.58848  |         0.820904 |              0.821448 |
|      90 |     0.569742 |          0.585778 |         0.815052 |              0.821992 |
|      91 |     0.555594 |          0.571772 |         0.821448 |              0.826347 |
|      92 |     0.558511 |          0.575897 |         0.819543 |              0.824714 |
|      93 |     0.556047 |          0.582673 |         0.819679 |              0.825259 |
|      94 |     0.556674 |          0.584243 |         0.821312 |              0.823625 |
|      95 |     0.551011 |          0.57633  |         0.821856 |              0.821992 |
|      96 |     0.547975 |          0.579498 |         0.82172  |              0.821992 |
|      97 |     0.544581 |          0.576696 |         0.822265 |              0.825803 |
|      98 |     0.549485 |          0.579058 |         0.824578 |              0.826347 |
|      99 |     0.543284 |          0.582098 |         0.823217 |              0.822537 |
|     100 |     0.544391 |          0.578388 |         0.823081 |              0.825803 |

