Number of Models: 10
Test Accuracies: [77.85378366823429, 45.16531281174291, 44.80903520022802, 45.15106170728232, 44.999643722388484, 44.80903520022802, 59.38791506341742, 45.16531281174291, 33.62013681060282, 44.26749323072538]
Mean Accuracy: 48.522873022659255
Standard Deviation: 11.983623648579643
Total Time: 6:09:57.085247



Model Config:
|-----------------------|----------------------|
| sort_pooling_k        | 5                    |
| layer_sizes           | [32, 32, 32, 32, 32] |
| batch_size            | 32                   |
| learning_rate         | 0.001                |
| dropout_rate          | 0.2                  |
| sizes_1d_convolutions | [32]                 |
| dense_layer_sizes     | [32]                 |
| epochs                | 100                  |



########## Model 1 ##########

Test Accuracy: 77.85378366823429


|   Epoch |   Train Loss |   Validation Loss |   Train Accuracy |   Validation Accuracy |
|---------|--------------|-------------------|------------------|-----------------------|
|       1 |     1.49843  |          1.41636  |         0.47382  |              0.448125 |
|       2 |     1.36444  |          1.33766  |         0.539177 |              0.524194 |
|       3 |     1.05083  |          0.996882 |         0.654141 |              0.633648 |
|       4 |     0.98173  |          0.966434 |         0.679302 |              0.675016 |
|       5 |     1.04106  |          1.09444  |         0.704889 |              0.700548 |
|       6 |     1.0238   |          0.937238 |         0.748322 |              0.734108 |
|       7 |     0.811794 |          0.807156 |         0.77754  |              0.77517  |
|       8 |     0.796265 |          0.800722 |         0.787334 |              0.7839   |
|       9 |     0.84237  |          0.915085 |         0.745613 |              0.736433 |
|      10 |     0.914695 |          0.867788 |         0.768656 |              0.762711 |
|      11 |     0.850486 |          0.803195 |         0.788047 |              0.783681 |
|      12 |     0.839088 |          0.954186 |         0.719828 |              0.704672 |
|      13 |     1.0431   |          1.22585  |         0.580251 |              0.569906 |
|      14 |     1.07378  |          0.913892 |         0.725937 |              0.717482 |
|      15 |     1.09029  |          1.07028  |         0.652156 |              0.64501  |
|      16 |     1.23937  |          1.309    |         0.521628 |              0.515069 |
|      17 |     1.12602  |          1.15728  |         0.590451 |              0.563676 |
|      18 |     1.1214   |          1.1573   |         0.59032  |              0.564203 |
|      19 |     1.13551  |          1.2859   |         0.54522  |              0.529107 |
|      20 |     1.18966  |          1.14378  |         0.594619 |              0.569248 |
|      21 |     1.1499   |          1.1508   |         0.595486 |              0.579074 |
|      22 |     1.16136  |          1.15556  |         0.566158 |              0.561965 |
|      23 |     1.32879  |          1.24488  |         0.558645 |              0.534898 |
|      24 |     1.11333  |          1.00632  |         0.626952 |              0.610485 |
|      25 |     0.982528 |          1.00145  |         0.626941 |              0.609871 |
|      26 |     0.97531  |          0.997039 |         0.628214 |              0.610748 |
|      27 |     0.972735 |          0.995929 |         0.627709 |              0.611845 |
|      28 |     0.972229 |          0.992395 |         0.613539 |              0.619127 |
|      29 |     0.967618 |          0.986538 |         0.628718 |              0.612371 |
|      30 |     0.979937 |          1.02538  |         0.612003 |              0.587936 |
|      31 |     1.14091  |          1.46413  |         0.449395 |              0.419171 |
|      32 |     1.43298  |          1.46274  |         0.449351 |              0.418995 |
|      33 |     1.34425  |          1.14647  |         0.60721  |              0.585962 |
|      34 |     0.97141  |          0.852832 |         0.762108 |              0.747883 |
|      35 |     0.944164 |          1.01114  |         0.621775 |              0.615968 |
|      36 |     1.11583  |          1.43873  |         0.452323 |              0.421628 |
|      37 |     1.42561  |          1.46487  |         0.449647 |              0.418995 |
|      38 |     1.43244  |          1.4624   |         0.449395 |              0.419171 |
|      39 |     1.43231  |          1.46181  |         0.449384 |              0.419127 |
|      40 |     1.43243  |          1.46456  |         0.449351 |              0.418995 |
|      41 |     1.43191  |          1.46425  |         0.449384 |              0.419127 |
|      42 |     1.43144  |          1.46221  |         0.449384 |              0.419127 |
|      43 |     1.21542  |          1.15424  |         0.601068 |              0.580347 |
|      44 |     1.11533  |          1.13542  |         0.601551 |              0.581399 |
|      45 |     1.10659  |          1.12378  |         0.601573 |              0.581399 |
|      46 |     1.10532  |          1.12243  |         0.601573 |              0.581443 |
|      47 |     1.10264  |          1.11602  |         0.601562 |              0.581399 |
|      48 |     1.09443  |          1.11541  |         0.60551  |              0.585304 |
|      49 |     1.08579  |          1.09931  |         0.606782 |              0.587059 |
|      50 |     1.08158  |          1.08958  |         0.613736 |              0.592674 |
|      51 |     1.07024  |          1.08512  |         0.612716 |              0.591577 |
|      52 |     1.06431  |          1.07842  |         0.61514  |              0.593902 |
|      53 |     1.06182  |          1.07492  |         0.620075 |              0.599561 |
|      54 |     1.06006  |          1.09761  |         0.613407 |              0.592498 |
|      55 |     1.05803  |          1.08548  |         0.612716 |              0.591577 |
|      56 |     1.05846  |          1.06835  |         0.617191 |              0.59649  |
|      57 |     1.05457  |          1.0714   |         0.618134 |              0.597763 |
|      58 |     1.05336  |          1.07208  |         0.618935 |              0.598684 |
|      59 |     1.05042  |          1.06821  |         0.619253 |              0.598421 |
|      60 |     1.05997  |          1.07517  |         0.610884 |              0.59048  |
|      61 |     1.06593  |          1.07727  |         0.612771 |              0.591577 |
|      62 |     1.05912  |          1.08355  |         0.610128 |              0.589647 |
|      63 |     1.06246  |          1.07917  |         0.611323 |              0.591445 |
|      64 |     1.06066  |          1.08061  |         0.609864 |              0.589647 |
|      65 |     1.05962  |          1.08315  |         0.610479 |              0.590305 |
|      66 |     1.11306  |          1.15326  |         0.599631 |              0.579381 |
|      67 |     1.09142  |          1.08061  |         0.609338 |              0.589778 |
|      68 |     1.05859  |          1.07506  |         0.610501 |              0.590349 |
|      69 |     1.07636  |          0.891194 |         0.748125 |              0.735863 |
|      70 |     0.892414 |          0.995074 |         0.683612 |              0.672297 |
|      71 |     1.04498  |          1.07353  |         0.610117 |              0.58991  |
|      72 |     1.05756  |          1.07272  |         0.614065 |              0.594341 |
|      73 |     1.05625  |          1.07418  |         0.611422 |              0.592367 |
|      74 |     1.0593   |          1.07231  |         0.6131   |              0.592279 |
|      75 |     1.05484  |          1.07352  |         0.616072 |              0.595701 |
|      76 |     1.0589   |          1.07134  |         0.61049  |              0.590173 |
|      77 |     1.06014  |          1.07043  |         0.606629 |              0.591182 |
|      78 |     1.05308  |          1.06983  |         0.616182 |              0.595789 |
|      79 |     1.05777  |          1.07161  |         0.613933 |              0.593113 |
|      80 |     1.05231  |          1.07774  |         0.616292 |              0.595613 |
|      81 |     1.05081  |          1.0706   |         0.618606 |              0.598377 |
|      82 |     1.06393  |          1.14151  |         0.599445 |              0.583242 |
|      83 |     1.07507  |          1.1006   |         0.609327 |              0.587497 |
|      84 |     1.04791  |          0.827417 |         0.767033 |              0.754902 |
|      85 |     0.768743 |          0.770762 |         0.791052 |              0.784295 |
|      86 |     0.748994 |          0.773409 |         0.791338 |              0.785304 |
|      87 |     0.757074 |          0.764962 |         0.794145 |              0.787146 |
|      88 |     0.746172 |          0.766993 |         0.787751 |              0.78061  |
|      89 |     0.751453 |          0.787416 |         0.780172 |              0.77324  |
|      90 |     0.797111 |          0.819988 |         0.772813 |              0.766177 |
|      91 |     0.785533 |          0.804215 |         0.779273 |              0.772582 |
|      92 |     0.775552 |          0.79755  |         0.779251 |              0.77245  |
|      93 |     0.771299 |          0.793034 |         0.779668 |              0.772669 |
|      94 |     0.768993 |          0.792257 |         0.783792 |              0.777407 |
|      95 |     0.766138 |          0.792452 |         0.779449 |              0.77245  |
|      96 |     0.76959  |          0.79304  |         0.779229 |              0.772538 |
|      97 |     0.765775 |          0.785599 |         0.782684 |              0.776179 |
|      98 |     0.764517 |          0.786426 |         0.780315 |              0.773591 |
|      99 |     0.76095  |          0.784309 |         0.780556 |              0.773415 |
|     100 |     0.759869 |          0.780555 |         0.790899 |              0.7839   |

########## Model 2 ##########

Test Accuracy: 45.16531281174291


|   Epoch |   Train Loss |   Validation Loss |   Train Accuracy |   Validation Accuracy |
|---------|--------------|-------------------|------------------|-----------------------|
|       1 |     1.40782  |          1.37168  |         0.451215 |              0.421013 |
|       2 |     1.33036  |          1.35532  |         0.422502 |              0.415354 |
|       3 |     1.31943  |          1.34183  |         0.457182 |              0.435095 |
|       4 |     1.31504  |          1.34034  |         0.451314 |              0.421233 |
|       5 |     1.31322  |          1.33808  |         0.456984 |              0.435227 |
|       6 |     1.26349  |          1.2315   |         0.52924  |              0.509805 |
|       7 |     1.17972  |          1.16121  |         0.564666 |              0.549682 |
|       8 |     0.90615  |          0.645057 |         0.783781 |              0.766001 |
|       9 |     0.646689 |          0.612346 |         0.79261  |              0.781531 |
|      10 |     0.571835 |          0.594071 |         0.788212 |              0.776354 |
|      11 |     0.554985 |          0.57569  |         0.796471 |              0.785786 |
|      12 |     0.538307 |          0.564306 |         0.805047 |              0.792674 |
|      13 |     0.54032  |          0.563893 |         0.801285 |              0.787585 |
|      14 |     0.523239 |          0.540035 |         0.809248 |              0.799912 |
|      15 |     0.528107 |          0.560792 |         0.758336 |              0.746436 |
|      16 |     0.530025 |          0.572602 |         0.792171 |              0.781707 |
|      17 |     0.551501 |          0.603796 |         0.783693 |              0.770651 |
|      18 |     0.555535 |          0.558272 |         0.807384 |              0.795218 |
|      19 |     0.519628 |          0.550073 |         0.806901 |              0.796754 |
|      20 |     0.526938 |          0.547124 |         0.80247  |              0.790612 |
|      21 |     0.543435 |          0.726222 |         0.698989 |              0.685457 |
|      22 |     0.612207 |          0.558652 |         0.804005 |              0.792411 |
|      23 |     0.529416 |          0.576342 |         0.788245 |              0.778285 |
|      24 |     0.546909 |          0.568537 |         0.793422 |              0.779294 |
|      25 |     0.62561  |          0.650801 |         0.753992 |              0.743584 |
|      26 |     0.698528 |          0.675872 |         0.735533 |              0.72415  |
|      27 |     0.694213 |          0.743863 |         0.656818 |              0.652204 |
|      28 |     0.694715 |          0.729638 |         0.671087 |              0.667383 |
|      29 |     0.700713 |          0.745202 |         0.661632 |              0.64615  |
|      30 |     0.720381 |          0.764434 |         0.654536 |              0.636104 |
|      31 |     0.728093 |          0.759307 |         0.649239 |              0.634876 |
|      32 |     0.734575 |          0.756873 |         0.652792 |              0.637771 |
|      33 |     0.735802 |          0.763223 |         0.648767 |              0.636148 |
|      34 |     0.737858 |          0.760835 |         0.647879 |              0.632068 |
|      35 |     0.737245 |          0.759456 |         0.644128 |              0.633297 |
|      36 |     0.736186 |          0.763125 |         0.648811 |              0.633077 |
|      37 |     0.736539 |          0.759368 |         0.648822 |              0.637157 |
|      38 |     0.736099 |          0.762279 |         0.649107 |              0.634394 |
|      39 |     0.859644 |          0.944304 |         0.607386 |              0.585523 |
|      40 |     0.899029 |          0.93733  |         0.60143  |              0.570915 |
|      41 |     0.894153 |          0.937882 |         0.601968 |              0.571353 |
|      42 |     1.14237  |          1.21617  |         0.495108 |              0.464488 |
|      43 |     1.19036  |          1.24734  |         0.461009 |              0.426629 |
|      44 |     1.21023  |          1.24648  |         0.466395 |              0.440623 |
|      45 |     1.20943  |          1.24412  |         0.46578  |              0.440316 |
|      46 |     1.20471  |          1.24623  |         0.462512 |              0.437552 |
|      47 |     1.20964  |          1.24911  |         0.465824 |              0.440491 |
|      48 |     1.2094   |          1.25001  |         0.466395 |              0.440623 |
|      49 |     1.20924  |          1.25152  |         0.461009 |              0.426629 |
|      50 |     1.20926  |          1.24373  |         0.466439 |              0.440798 |
|      51 |     1.20896  |          1.24821  |         0.462512 |              0.437552 |
|      52 |     1.20944  |          1.2423   |         0.466439 |              0.440798 |
|      53 |     1.20917  |          1.24563  |         0.461053 |              0.426804 |
|      54 |     1.20893  |          1.24326  |         0.46578  |              0.440316 |
|      55 |     1.20855  |          1.24373  |         0.46578  |              0.440316 |
|      56 |     1.20858  |          1.24824  |         0.457127 |              0.423558 |
|      57 |     1.2087   |          1.25138  |         0.462556 |              0.437728 |
|      58 |     1.20786  |          1.2452   |         0.466439 |              0.439746 |
|      59 |     1.20795  |          1.24658  |         0.461053 |              0.425751 |
|      60 |     1.2087   |          1.24358  |         0.466439 |              0.440798 |
|      61 |     1.20824  |          1.24467  |         0.466439 |              0.440798 |
|      62 |     1.20773  |          1.24878  |         0.457171 |              0.423733 |
|      63 |     1.20826  |          1.24393  |         0.466395 |              0.43957  |
|      64 |     1.20819  |          1.2483   |         0.461053 |              0.426804 |
|      65 |     1.20833  |          1.24477  |         0.46578  |              0.440316 |
|      66 |     1.20784  |          1.24054  |         0.466439 |              0.440798 |
|      67 |     1.20792  |          1.25     |         0.461053 |              0.426804 |
|      68 |     1.20755  |          1.24656  |         0.461053 |              0.426804 |
|      69 |     1.20799  |          1.24413  |         0.461053 |              0.425883 |
|      70 |     1.20796  |          1.24121  |         0.466439 |              0.439877 |
|      71 |     1.2076   |          1.24298  |         0.466439 |              0.440798 |
|      72 |     1.20781  |          1.24495  |         0.466439 |              0.440798 |
|      73 |     1.20814  |          1.24347  |         0.466439 |              0.440798 |
|      74 |     1.20773  |          1.24246  |         0.46578  |              0.440316 |
|      75 |     1.20779  |          1.24354  |         0.466439 |              0.439877 |
|      76 |     1.20738  |          1.24908  |         0.466439 |              0.439877 |
|      77 |     1.20757  |          1.24849  |         0.46578  |              0.440316 |
|      78 |     1.20778  |          1.24376  |         0.466439 |              0.440798 |
|      79 |     1.20721  |          1.24372  |         0.466439 |              0.439877 |
|      80 |     1.20789  |          1.2453   |         0.466406 |              0.439746 |
|      81 |     1.20783  |          1.24362  |         0.465791 |              0.44036  |
|      82 |     1.20767  |          1.2463   |         0.46578  |              0.440316 |
|      83 |     1.2071   |          1.24236  |         0.466439 |              0.440798 |
|      84 |     1.20732  |          1.24692  |         0.460395 |              0.426322 |
|      85 |     1.20778  |          1.24714  |         0.466439 |              0.440798 |
|      86 |     1.20761  |          1.24649  |         0.461053 |              0.426804 |
|      87 |     1.20715  |          1.24277  |         0.466439 |              0.440798 |
|      88 |     1.20745  |          1.24417  |         0.461053 |              0.426804 |
|      89 |     1.20772  |          1.24556  |         0.466439 |              0.440798 |
|      90 |     1.20779  |          1.2418   |         0.466439 |              0.440798 |
|      91 |     1.20728  |          1.24479  |         0.466439 |              0.439877 |
|      92 |     1.20715  |          1.24227  |         0.466439 |              0.439877 |
|      93 |     1.20756  |          1.24544  |         0.466439 |              0.439877 |
|      94 |     1.20789  |          1.24241  |         0.466439 |              0.440798 |
|      95 |     1.2072   |          1.24593  |         0.466439 |              0.440798 |
|      96 |     1.2074   |          1.2448   |         0.466439 |              0.439877 |
|      97 |     1.20736  |          1.2418   |         0.466439 |              0.440798 |
|      98 |     1.20776  |          1.24427  |         0.466439 |              0.440798 |
|      99 |     1.20729  |          1.24308  |         0.466439 |              0.440798 |
|     100 |     1.20719  |          1.24441  |         0.466439 |              0.440798 |

########## Model 3 ##########

Test Accuracy: 44.80903520022802


|   Epoch |   Train Loss |   Validation Loss |   Train Accuracy |   Validation Accuracy |
|---------|--------------|-------------------|------------------|-----------------------|
|       1 |     1.49107  |          1.43041  |         0.415559 |              0.382716 |
|       2 |     1.36678  |          1.4031   |         0.447782 |              0.414521 |
|       3 |     1.36227  |          1.4011   |         0.454648 |              0.420619 |
|       4 |     1.3604   |          1.39964  |         0.455218 |              0.421233 |
|       5 |     1.35896  |          1.39872  |         0.429751 |              0.418776 |
|       6 |     1.35745  |          1.39596  |         0.460604 |              0.435227 |
|       7 |     1.36017  |          1.25928  |         0.567803 |              0.55771  |
|       8 |     1.03967  |          1.04551  |         0.616445 |              0.601492 |
|       9 |     1.02712  |          1.03698  |         0.60913  |              0.601184 |
|      10 |     0.949229 |          0.931888 |         0.726112 |              0.698223 |
|      11 |     1.30337  |          1.40592  |         0.460549 |              0.43549  |
|      12 |     1.35877  |          1.3961   |         0.455208 |              0.422417 |
|      13 |     1.35737  |          1.39514  |         0.460593 |              0.435227 |
|      14 |     1.35644  |          1.39759  |         0.455208 |              0.422417 |
|      15 |     1.35573  |          1.39754  |         0.455218 |              0.421277 |
|      16 |     1.35544  |          1.39748  |         0.460593 |              0.435227 |
|      17 |     1.35555  |          1.40731  |         0.447771 |              0.414521 |
|      18 |     1.35466  |          1.39972  |         0.455218 |              0.421277 |
|      19 |     1.35455  |          1.39616  |         0.460604 |              0.435271 |
|      20 |     1.35449  |          1.39687  |         0.460593 |              0.435227 |
|      21 |     1.35439  |          1.40124  |         0.455218 |              0.42154  |
|      22 |     1.35406  |          1.39403  |         0.460604 |              0.435271 |
|      23 |     1.35394  |          1.39866  |         0.460604 |              0.435271 |
|      24 |     1.35358  |          1.39562  |         0.460604 |              0.435534 |
|      25 |     1.35355  |          1.39523  |         0.455218 |              0.421277 |
|      26 |     1.35284  |          1.39345  |         0.460604 |              0.435534 |
|      27 |     1.353    |          1.39225  |         0.460604 |              0.435534 |
|      28 |     1.353    |          1.39327  |         0.460604 |              0.435534 |
|      29 |     1.35295  |          1.39341  |         0.460604 |              0.435271 |
|      30 |     1.35246  |          1.39517  |         0.460604 |              0.435271 |
|      31 |     1.35233  |          1.39123  |         0.460604 |              0.435534 |
|      32 |     1.35277  |          1.39272  |         0.460604 |              0.435534 |
|      33 |     1.35285  |          1.39361  |         0.460604 |              0.435271 |
|      34 |     1.35187  |          1.39247  |         0.460604 |              0.435534 |
|      35 |     1.35207  |          1.3936   |         0.455218 |              0.42154  |
|      36 |     1.35203  |          1.38967  |         0.460604 |              0.435534 |
|      37 |     1.35252  |          1.3922   |         0.460604 |              0.435534 |
|      38 |     1.35179  |          1.39037  |         0.460604 |              0.435534 |
|      39 |     1.35191  |          1.39085  |         0.460604 |              0.435534 |
|      40 |     1.3519   |          1.3953   |         0.460604 |              0.435534 |
|      41 |     1.3522   |          1.39164  |         0.460604 |              0.435534 |
|      42 |     1.35163  |          1.39863  |         0.455218 |              0.42154  |
|      43 |     1.35179  |          1.39253  |         0.460604 |              0.435534 |
|      44 |     1.35188  |          1.39351  |         0.455218 |              0.42154  |
|      45 |     1.35147  |          1.39809  |         0.455218 |              0.42154  |
|      46 |     1.35175  |          1.39156  |         0.460604 |              0.435534 |
|      47 |     1.35185  |          1.39636  |         0.460604 |              0.435534 |
|      48 |     1.35186  |          1.39273  |         0.460604 |              0.435534 |
|      49 |     1.3517   |          1.39212  |         0.460604 |              0.435271 |
|      50 |     1.35156  |          1.40178  |         0.455218 |              0.42154  |
|      51 |     1.35158  |          1.39817  |         0.455218 |              0.42154  |
|      52 |     1.35184  |          1.39155  |         0.460604 |              0.435534 |
|      53 |     1.35164  |          1.39046  |         0.460604 |              0.435534 |
|      54 |     1.35132  |          1.39147  |         0.460604 |              0.435534 |
|      55 |     1.35153  |          1.39253  |         0.460604 |              0.435534 |
|      56 |     1.35137  |          1.39333  |         0.455218 |              0.42154  |
|      57 |     1.35138  |          1.39561  |         0.455218 |              0.42154  |
|      58 |     1.35166  |          1.39423  |         0.460604 |              0.435534 |
|      59 |     1.35148  |          1.39691  |         0.460604 |              0.435534 |
|      60 |     1.35121  |          1.39799  |         0.455218 |              0.42154  |
|      61 |     1.35135  |          1.39853  |         0.455218 |              0.42154  |
|      62 |     1.35154  |          1.39087  |         0.460604 |              0.435534 |
|      63 |     1.35155  |          1.39328  |         0.455218 |              0.42154  |
|      64 |     1.35123  |          1.39056  |         0.460604 |              0.435534 |
|      65 |     1.35088  |          1.39682  |         0.460604 |              0.435534 |
|      66 |     1.35103  |          1.39756  |         0.460604 |              0.435534 |
|      67 |     1.35118  |          1.39765  |         0.455218 |              0.42154  |
|      68 |     1.35124  |          1.39244  |         0.460604 |              0.435534 |
|      69 |     1.3507   |          1.39816  |         0.455218 |              0.42154  |
|      70 |     1.35122  |          1.39555  |         0.455218 |              0.42154  |
|      71 |     1.35096  |          1.39284  |         0.460604 |              0.435534 |
|      72 |     1.35093  |          1.39341  |         0.460604 |              0.435534 |
|      73 |     1.35145  |          1.39972  |         0.455218 |              0.42154  |
|      74 |     1.35079  |          1.39652  |         0.455218 |              0.42154  |
|      75 |     1.35075  |          1.39158  |         0.460604 |              0.435534 |
|      76 |     1.35082  |          1.3977   |         0.455218 |              0.42154  |
|      77 |     1.35092  |          1.39338  |         0.460604 |              0.435534 |
|      78 |     1.35056  |          1.39124  |         0.460604 |              0.435534 |
|      79 |     1.35083  |          1.39069  |         0.460604 |              0.435534 |
|      80 |     1.35081  |          1.39218  |         0.455218 |              0.42154  |
|      81 |     1.3507   |          1.39284  |         0.460604 |              0.435534 |
|      82 |     1.35043  |          1.39167  |         0.460604 |              0.435534 |
|      83 |     1.35078  |          1.3933   |         0.460604 |              0.435534 |
|      84 |     1.35044  |          1.39474  |         0.460604 |              0.435534 |
|      85 |     1.35057  |          1.39497  |         0.460604 |              0.435534 |
|      86 |     1.35082  |          1.39214  |         0.460604 |              0.435534 |
|      87 |     1.35088  |          1.3912   |         0.460604 |              0.435534 |
|      88 |     1.35046  |          1.39231  |         0.460604 |              0.435534 |
|      89 |     1.35051  |          1.39481  |         0.460604 |              0.435534 |
|      90 |     1.351    |          1.39266  |         0.460604 |              0.435534 |
|      91 |     1.35052  |          1.39283  |         0.460604 |              0.435534 |
|      92 |     1.35101  |          1.39078  |         0.460604 |              0.435534 |
|      93 |     1.35047  |          1.39582  |         0.455218 |              0.42154  |
|      94 |     1.35064  |          1.38965  |         0.460604 |              0.436455 |
|      95 |     1.35006  |          1.39112  |         0.460604 |              0.435534 |
|      96 |     1.35048  |          1.39383  |         0.455218 |              0.42154  |
|      97 |     1.35068  |          1.39021  |         0.460604 |              0.435534 |
|      98 |     1.35093  |          1.39227  |         0.460604 |              0.436455 |
|      99 |     1.35045  |          1.39223  |         0.460604 |              0.436455 |
|     100 |     1.35062  |          1.3906   |         0.460604 |              0.436455 |

########## Model 4 ##########

Test Accuracy: 45.15106170728232


|   Epoch |   Train Loss |   Validation Loss |   Train Accuracy |   Validation Accuracy |
|---------|--------------|-------------------|------------------|-----------------------|
|       1 |     0.89748  |          0.951543 |         0.614306 |              0.593771 |
|       2 |     0.858532 |          0.848672 |         0.738802 |              0.720509 |
|       3 |     0.884807 |          0.884547 |         0.628499 |              0.619829 |
|       4 |     0.883981 |          0.903102 |         0.608406 |              0.58719  |
|       5 |     0.872381 |          0.892473 |         0.611268 |              0.587541 |
|       6 |     0.993694 |          1.26991  |         0.455229 |              0.421013 |
|       7 |     1.22502  |          1.26745  |         0.433656 |              0.421364 |
|       8 |     1.22072  |          1.25588  |         0.462501 |              0.436324 |
|       9 |     1.21628  |          1.25353  |         0.435542 |              0.422812 |
|      10 |     1.21577  |          1.26002  |         0.456513 |              0.422198 |
|      11 |     1.21434  |          1.25334  |         0.461053 |              0.42562  |
|      12 |     1.21374  |          1.25901  |         0.461898 |              0.436061 |
|      13 |     1.21297  |          1.25717  |         0.461009 |              0.425444 |
|      14 |     1.2124   |          1.25102  |         0.466395 |              0.43957  |
|      15 |     1.21206  |          1.2534   |         0.466395 |              0.43957  |
|      16 |     1.21123  |          1.25615  |         0.466395 |              0.439438 |
|      17 |     1.21161  |          1.25335  |         0.466395 |              0.43957  |
|      18 |     1.2111   |          1.25094  |         0.461053 |              0.425751 |
|      19 |     1.21036  |          1.25757  |         0.46578  |              0.439131 |
|      20 |     1.21123  |          1.25057  |         0.466439 |              0.439746 |
|      21 |     1.21033  |          1.24919  |         0.466439 |              0.439614 |
|      22 |     1.21019  |          1.25614  |         0.466439 |              0.439614 |
|      23 |     1.21     |          1.25055  |         0.466439 |              0.439614 |
|      24 |     1.21027  |          1.25192  |         0.466439 |              0.439614 |
|      25 |     1.21069  |          1.25067  |         0.466439 |              0.439614 |
|      26 |     1.20985  |          1.24956  |         0.466439 |              0.439746 |
|      27 |     1.20997  |          1.25269  |         0.466395 |              0.439438 |
|      28 |     1.2099   |          1.25352  |         0.461053 |              0.42562  |
|      29 |     1.20961  |          1.24843  |         0.466439 |              0.439746 |
|      30 |     1.20979  |          1.24725  |         0.461053 |              0.425751 |
|      31 |     1.21021  |          1.24928  |         0.46577  |              0.439395 |
|      32 |     1.20962  |          1.25005  |         0.46578  |              0.439131 |
|      33 |     1.2091   |          1.25396  |         0.461053 |              0.42562  |
|      34 |     1.20927  |          1.24705  |         0.466439 |              0.439614 |
|      35 |     1.20964  |          1.2545   |         0.461053 |              0.425751 |
|      36 |     1.20906  |          1.2505   |         0.466395 |              0.439438 |
|      37 |     1.20899  |          1.2458   |         0.466395 |              0.439438 |
|      38 |     1.20897  |          1.24776  |         0.466439 |              0.439746 |
|      39 |     1.20886  |          1.25625  |         0.461053 |              0.42562  |
|      40 |     1.20895  |          1.2453   |         0.466439 |              0.439746 |
|      41 |     1.21001  |          1.24764  |         0.466439 |              0.439746 |
|      42 |     1.20891  |          1.24692  |         0.46578  |              0.439131 |
|      43 |     1.20891  |          1.24709  |         0.466439 |              0.439614 |
|      44 |     1.20885  |          1.24461  |         0.466439 |              0.439746 |
|      45 |     1.20866  |          1.24506  |         0.461942 |              0.43742  |
|      46 |     1.20895  |          1.24379  |         0.465824 |              0.440491 |
|      47 |     1.21077  |          1.2502   |         0.46578  |              0.439263 |
|      48 |     1.21003  |          1.2528   |         0.46577  |              0.439395 |
|      49 |     1.21078  |          1.24984  |         0.461887 |              0.437508 |
|      50 |     1.21032  |          1.25055  |         0.465824 |              0.440491 |
|      51 |     1.2089   |          1.24617  |         0.466395 |              0.43957  |
|      52 |     1.20895  |          1.24978  |         0.466384 |              0.439526 |
|      53 |     1.20897  |          1.24842  |         0.466384 |              0.439526 |
|      54 |     1.20868  |          1.24732  |         0.46577  |              0.439219 |
|      55 |     1.20864  |          1.24841  |         0.46577  |              0.439219 |
|      56 |     1.20854  |          1.25603  |         0.457127 |              0.422637 |
|      57 |     1.20837  |          1.24732  |         0.466384 |              0.439526 |
|      58 |     1.20845  |          1.24539  |         0.466384 |              0.439526 |
|      59 |     1.20863  |          1.24591  |         0.462501 |              0.437508 |
|      60 |     1.20859  |          1.24591  |         0.466395 |              0.43957  |
|      61 |     1.20834  |          1.24736  |         0.466384 |              0.440579 |
|      62 |     1.20886  |          1.24661  |         0.460999 |              0.426585 |
|      63 |     1.20855  |          1.24868  |         0.462501 |              0.436324 |
|      64 |     1.21007  |          1.25421  |         0.4651   |              0.438517 |
|      65 |     1.21088  |          1.25287  |         0.46577  |              0.439526 |
|      66 |     1.21101  |          1.24731  |         0.466395 |              0.43957  |
|      67 |     1.20984  |          1.25165  |         0.46577  |              0.439395 |
|      68 |     1.20995  |          1.24666  |         0.466395 |              0.43957  |
|      69 |     1.20857  |          1.25009  |         0.46577  |              0.439088 |
|      70 |     1.2086   |          1.24507  |         0.466395 |              0.43957  |
|      71 |     1.20871  |          1.25001  |         0.461009 |              0.425576 |
|      72 |     1.20808  |          1.25141  |         0.466395 |              0.43957  |
|      73 |     1.20848  |          1.25294  |         0.457116 |              0.422461 |
|      74 |     1.20816  |          1.25283  |         0.460395 |              0.426322 |
|      75 |     1.20841  |          1.24583  |         0.466395 |              0.440623 |
|      76 |     1.20841  |          1.2461   |         0.466395 |              0.43957  |
|      77 |     1.20827  |          1.24635  |         0.46577  |              0.439088 |
|      78 |     1.20852  |          1.24859  |         0.466395 |              0.43957  |
|      79 |     1.20843  |          1.24685  |         0.466395 |              0.439438 |
|      80 |     1.20806  |          1.24928  |         0.466395 |              0.439438 |
|      81 |     1.20819  |          1.24834  |         0.461009 |              0.425576 |
|      82 |     1.20813  |          1.24541  |         0.466395 |              0.43957  |
|      83 |     1.20825  |          1.24616  |         0.461009 |              0.425576 |
|      84 |     1.20828  |          1.24568  |         0.466384 |              0.439526 |
|      85 |     1.20913  |          1.24292  |         0.466395 |              0.440623 |
|      86 |     1.20773  |          1.24397  |         0.466395 |              0.440623 |
|      87 |     1.20781  |          1.25287  |         0.461009 |              0.425444 |
|      88 |     1.2079   |          1.24682  |         0.462512 |              0.437552 |
|      89 |     1.20784  |          1.24534  |         0.466395 |              0.43957  |
|      90 |     1.20777  |          1.24677  |         0.466384 |              0.439526 |
|      91 |     1.20772  |          1.24639  |         0.466395 |              0.43957  |
|      92 |     1.20777  |          1.24416  |         0.466395 |              0.440623 |
|      93 |     1.20783  |          1.24622  |         0.466395 |              0.440623 |
|      94 |     1.20767  |          1.25168  |         0.466395 |              0.43957  |
|      95 |     1.20818  |          1.24872  |         0.466395 |              0.43957  |
|      96 |     1.20793  |          1.24779  |         0.462512 |              0.436499 |
|      97 |     1.20767  |          1.24678  |         0.461009 |              0.425576 |
|      98 |     1.2077   |          1.24479  |         0.466395 |              0.440623 |
|      99 |     1.20885  |          1.24338  |         0.466395 |              0.440623 |
|     100 |     1.2075   |          1.24859  |         0.466395 |              0.43957  |

########## Model 5 ##########

Test Accuracy: 44.999643722388484


|   Epoch |   Train Loss |   Validation Loss |   Train Accuracy |   Validation Accuracy |
|---------|--------------|-------------------|------------------|-----------------------|
|       1 |     1.10348  |          0.955494 |         0.635222 |              0.616934 |
|       2 |     0.912473 |          0.940818 |         0.638107 |              0.624962 |
|       3 |     0.897955 |          0.92575  |         0.643064 |              0.632463 |
|       4 |     0.896472 |          0.924186 |         0.642932 |              0.632551 |
|       5 |     0.89341  |          0.915827 |         0.630857 |              0.620838 |
|       6 |     0.891169 |          0.917282 |         0.633445 |              0.614477 |
|       7 |     0.889034 |          0.914591 |         0.630999 |              0.620662 |
|       8 |     0.886142 |          0.91427  |         0.621501 |              0.602544 |
|       9 |     0.885595 |          0.913404 |         0.630517 |              0.620443 |
|      10 |     0.883287 |          0.947319 |         0.638929 |              0.627418 |
|      11 |     0.885504 |          0.913186 |         0.642735 |              0.631893 |
|      12 |     0.880847 |          0.907242 |         0.620755 |              0.622066 |
|      13 |     0.878323 |          0.904094 |         0.644654 |              0.630972 |
|      14 |     0.877027 |          0.905746 |         0.644588 |              0.629919 |
|      15 |     0.945352 |          1.39284  |         0.457829 |              0.426541 |
|      16 |     1.34927  |          1.38052  |         0.463784 |              0.440886 |
|      17 |     1.35152  |          1.39207  |         0.457511 |              0.422768 |
|      18 |     1.35277  |          1.39543  |         0.457489 |              0.422768 |
|      19 |     1.35229  |          1.40263  |         0.457149 |              0.422724 |
|      20 |     1.35119  |          1.39342  |         0.457346 |              0.422768 |
|      21 |     1.35135  |          1.39209  |         0.456732 |              0.422593 |
|      22 |     1.35173  |          1.39523  |         0.457182 |              0.422768 |
|      23 |     1.35152  |          1.39104  |         0.462523 |              0.437728 |
|      24 |     1.35096  |          1.3855   |         0.457818 |              0.425883 |
|      25 |     1.34747  |          1.38482  |         0.463236 |              0.441062 |
|      26 |     1.34718  |          1.3792   |         0.464135 |              0.441325 |
|      27 |     1.34698  |          1.39013  |         0.463028 |              0.437684 |
|      28 |     1.35088  |          1.39243  |         0.457127 |              0.422637 |
|      29 |     1.35048  |          1.3911   |         0.462512 |              0.436631 |
|      30 |     1.34964  |          1.38904  |         0.462545 |              0.436762 |
|      31 |     1.35011  |          1.3934   |         0.457127 |              0.422637 |
|      32 |     1.35013  |          1.39304  |         0.457127 |              0.423558 |
|      33 |     1.34983  |          1.38995  |         0.457127 |              0.423558 |
|      34 |     1.34943  |          1.39305  |         0.45716  |              0.423689 |
|      35 |     1.34947  |          1.39515  |         0.462545 |              0.436762 |
|      36 |     1.3496   |          1.39015  |         0.462545 |              0.437684 |
|      37 |     1.34949  |          1.3918   |         0.45716  |              0.423689 |
|      38 |     1.34914  |          1.39326  |         0.45716  |              0.423689 |
|      39 |     1.34931  |          1.38801  |         0.462545 |              0.437684 |
|      40 |     1.34935  |          1.3906   |         0.462545 |              0.437684 |
|      41 |     1.34867  |          1.38836  |         0.45716  |              0.423689 |
|      42 |     1.3492   |          1.39102  |         0.461931 |              0.437377 |
|      43 |     1.34919  |          1.39179  |         0.45716  |              0.423689 |
|      44 |     1.34868  |          1.38752  |         0.462545 |              0.437684 |
|      45 |     1.34867  |          1.39602  |         0.45716  |              0.423689 |
|      46 |     1.34917  |          1.39006  |         0.462545 |              0.437684 |
|      47 |     1.34853  |          1.38808  |         0.462545 |              0.437684 |
|      48 |     1.34832  |          1.41666  |         0.458147 |              0.426936 |
|      49 |     1.34839  |          1.38802  |         0.462545 |              0.437684 |
|      50 |     1.34814  |          1.38722  |         0.45716  |              0.423689 |
|      51 |     1.34815  |          1.39118  |         0.45716  |              0.423689 |
|      52 |     1.34799  |          1.38929  |         0.462545 |              0.437684 |
|      53 |     1.34801  |          1.39164  |         0.462545 |              0.437684 |
|      54 |     1.34776  |          1.39071  |         0.462545 |              0.437684 |
|      55 |     1.3483   |          1.38984  |         0.462545 |              0.437684 |
|      56 |     1.3482   |          1.39105  |         0.45716  |              0.423689 |
|      57 |     1.34802  |          1.38836  |         0.462545 |              0.437684 |
|      58 |     1.34818  |          1.38721  |         0.462556 |              0.437728 |
|      59 |     1.34812  |          1.38839  |         0.457171 |              0.423733 |
|      60 |     1.34739  |          1.38886  |         0.45716  |              0.423689 |
|      61 |     1.34737  |          1.38648  |         0.462545 |              0.437684 |
|      62 |     1.34754  |          1.39098  |         0.457171 |              0.423733 |
|      63 |     1.34816  |          1.38742  |         0.462556 |              0.437728 |
|      64 |     1.34697  |          1.39045  |         0.457171 |              0.423733 |
|      65 |     1.34724  |          1.38622  |         0.45716  |              0.423689 |
|      66 |     1.34774  |          1.38697  |         0.462545 |              0.437684 |
|      67 |     1.34735  |          1.39087  |         0.462556 |              0.437728 |
|      68 |     1.34784  |          1.38814  |         0.462545 |              0.437684 |
|      69 |     1.34799  |          1.38528  |         0.462556 |              0.437728 |
|      70 |     1.34751  |          1.38858  |         0.457171 |              0.423733 |
|      71 |     1.34764  |          1.39165  |         0.457171 |              0.423733 |
|      72 |     1.34784  |          1.38594  |         0.462545 |              0.437684 |
|      73 |     1.34757  |          1.38752  |         0.457171 |              0.423733 |
|      74 |     1.34707  |          1.39204  |         0.457171 |              0.423733 |
|      75 |     1.34755  |          1.38724  |         0.462556 |              0.437728 |
|      76 |     1.34772  |          1.38752  |         0.462556 |              0.437728 |
|      77 |     1.34764  |          1.39022  |         0.457171 |              0.423733 |
|      78 |     1.34768  |          1.38723  |         0.457171 |              0.423733 |
|      79 |     1.34744  |          1.38665  |         0.462556 |              0.437728 |
|      80 |     1.34733  |          1.39088  |         0.462556 |              0.437728 |
|      81 |     1.34805  |          1.38999  |         0.45716  |              0.423689 |
|      82 |     1.34736  |          1.38962  |         0.457171 |              0.423733 |
|      83 |     1.34787  |          1.3897   |         0.45716  |              0.423689 |
|      84 |     1.34714  |          1.39041  |         0.457171 |              0.423733 |
|      85 |     1.34718  |          1.38771  |         0.462556 |              0.437728 |
|      86 |     1.34746  |          1.38636  |         0.462556 |              0.437728 |
|      87 |     1.34753  |          1.38926  |         0.45716  |              0.423689 |
|      88 |     1.3478   |          1.38873  |         0.462556 |              0.437728 |
|      89 |     1.3479   |          1.38725  |         0.462556 |              0.437728 |
|      90 |     1.3477   |          1.38822  |         0.457171 |              0.423733 |
|      91 |     1.34792  |          1.38779  |         0.45716  |              0.423689 |
|      92 |     1.34713  |          1.38755  |         0.462556 |              0.437728 |
|      93 |     1.34733  |          1.39211  |         0.457171 |              0.423733 |
|      94 |     1.34715  |          1.38736  |         0.462545 |              0.437684 |
|      95 |     1.34738  |          1.39141  |         0.457171 |              0.423733 |
|      96 |     1.34698  |          1.3887   |         0.462556 |              0.437728 |
|      97 |     1.34755  |          1.38688  |         0.462556 |              0.437728 |
|      98 |     1.34723  |          1.38502  |         0.462556 |              0.437728 |
|      99 |     1.34729  |          1.38566  |         0.462556 |              0.437728 |
|     100 |     1.34692  |          1.38672  |         0.462545 |              0.437684 |

########## Model 6 ##########

Test Accuracy: 44.80903520022802


|   Epoch |   Train Loss |   Validation Loss |   Train Accuracy |   Validation Accuracy |
|---------|--------------|-------------------|------------------|-----------------------|
|       1 |     0.938665 |          0.845752 |         0.769391 |              0.753411 |
|       2 |     0.865945 |          0.891445 |         0.753839 |              0.739241 |
|       3 |     0.849456 |          0.869195 |         0.752435 |              0.738232 |
|       4 |     0.841042 |          0.846162 |         0.760068 |              0.74547  |
|       5 |     0.843785 |          0.848624 |         0.760003 |              0.745207 |
|       6 |     0.826938 |          0.897914 |         0.725004 |              0.713534 |
|       7 |     1.0008   |          1.0326   |         0.611641 |              0.588945 |
|       8 |     0.832705 |          0.985068 |         0.660591 |              0.648695 |
|       9 |     1.13884  |          1.4112   |         0.460604 |              0.436148 |
|      10 |     1.36761  |          1.40734  |         0.455208 |              0.421233 |
|      11 |     1.36173  |          1.40538  |         0.460604 |              0.435271 |
|      12 |     1.36018  |          1.3969   |         0.460604 |              0.435271 |
|      13 |     1.35887  |          1.39685  |         0.460604 |              0.435271 |
|      14 |     1.35791  |          1.40033  |         0.455218 |              0.421277 |
|      15 |     1.35702  |          1.39607  |         0.455218 |              0.421277 |
|      16 |     1.356    |          1.3954   |         0.455218 |              0.421277 |
|      17 |     1.35622  |          1.406    |         0.455218 |              0.421277 |
|      18 |     1.3557   |          1.39604  |         0.460604 |              0.435271 |
|      19 |     1.35539  |          1.39748  |         0.460604 |              0.435271 |
|      20 |     1.35507  |          1.39661  |         0.460604 |              0.435271 |
|      21 |     1.35435  |          1.39322  |         0.460604 |              0.435271 |
|      22 |     1.35432  |          1.39713  |         0.460604 |              0.435271 |
|      23 |     1.35428  |          1.39691  |         0.460604 |              0.435271 |
|      24 |     1.35439  |          1.39787  |         0.460604 |              0.435271 |
|      25 |     1.35398  |          1.39286  |         0.460604 |              0.435271 |
|      26 |     1.35409  |          1.39353  |         0.460604 |              0.435271 |
|      27 |     1.35373  |          1.3959   |         0.460604 |              0.435271 |
|      28 |     1.35373  |          1.39492  |         0.429762 |              0.418557 |
|      29 |     1.35295  |          1.39522  |         0.460604 |              0.435271 |
|      30 |     1.35268  |          1.39167  |         0.460604 |              0.435271 |
|      31 |     1.35221  |          1.39365  |         0.460604 |              0.435271 |
|      32 |     1.35212  |          1.39313  |         0.460604 |              0.435271 |
|      33 |     1.3523   |          1.39382  |         0.460604 |              0.435271 |
|      34 |     1.35194  |          1.39221  |         0.460604 |              0.435271 |
|      35 |     1.35202  |          1.39615  |         0.460604 |              0.435271 |
|      36 |     1.35199  |          1.39275  |         0.460604 |              0.435271 |
|      37 |     1.35173  |          1.39306  |         0.455218 |              0.421277 |
|      38 |     1.35232  |          1.39361  |         0.460604 |              0.435271 |
|      39 |     1.35135  |          1.39569  |         0.460604 |              0.435271 |
|      40 |     1.35183  |          1.39646  |         0.460604 |              0.435271 |
|      41 |     1.35149  |          1.39768  |         0.460604 |              0.435271 |
|      42 |     1.35155  |          1.39341  |         0.460604 |              0.435271 |
|      43 |     1.35163  |          1.39361  |         0.460604 |              0.435271 |
|      44 |     1.35182  |          1.39516  |         0.460604 |              0.435271 |
|      45 |     1.35146  |          1.3928   |         0.460604 |              0.435271 |
|      46 |     1.35133  |          1.39477  |         0.460604 |              0.435271 |
|      47 |     1.3515   |          1.39273  |         0.460604 |              0.435271 |
|      48 |     1.35151  |          1.39267  |         0.460604 |              0.435271 |
|      49 |     1.35171  |          1.39142  |         0.429762 |              0.418557 |
|      50 |     1.35108  |          1.39579  |         0.460604 |              0.435271 |
|      51 |     1.35131  |          1.39243  |         0.460604 |              0.435271 |
|      52 |     1.35136  |          1.39136  |         0.429762 |              0.418557 |
|      53 |     1.35127  |          1.39135  |         0.460604 |              0.435271 |
|      54 |     1.35096  |          1.39176  |         0.460604 |              0.435271 |
|      55 |     1.35096  |          1.39327  |         0.460604 |              0.435271 |
|      56 |     1.35115  |          1.39302  |         0.460604 |              0.435271 |
|      57 |     1.35109  |          1.39265  |         0.460604 |              0.435271 |
|      58 |     1.35076  |          1.39223  |         0.429762 |              0.418557 |
|      59 |     1.35124  |          1.3933   |         0.460604 |              0.435271 |
|      60 |     1.35093  |          1.39565  |         0.455218 |              0.421277 |
|      61 |     1.3511   |          1.39162  |         0.460604 |              0.435271 |
|      62 |     1.35101  |          1.39184  |         0.460604 |              0.435271 |
|      63 |     1.3512   |          1.40027  |         0.455218 |              0.421277 |
|      64 |     1.35108  |          1.39642  |         0.455218 |              0.421277 |
|      65 |     1.35104  |          1.39355  |         0.460604 |              0.435271 |
|      66 |     1.35095  |          1.39015  |         0.460604 |              0.435271 |
|      67 |     1.35074  |          1.39365  |         0.460604 |              0.435271 |
|      68 |     1.35072  |          1.39034  |         0.460604 |              0.435271 |
|      69 |     1.35078  |          1.39094  |         0.455218 |              0.421277 |
|      70 |     1.35082  |          1.39216  |         0.460604 |              0.435271 |
|      71 |     1.35082  |          1.39119  |         0.460604 |              0.435271 |
|      72 |     1.35057  |          1.39389  |         0.455218 |              0.421277 |
|      73 |     1.35058  |          1.39234  |         0.460604 |              0.435271 |
|      74 |     1.35078  |          1.3895   |         0.460604 |              0.436455 |
|      75 |     1.3509   |          1.39261  |         0.460604 |              0.435271 |
|      76 |     1.3508   |          1.39395  |         0.455218 |              0.421277 |
|      77 |     1.35087  |          1.3912   |         0.460604 |              0.435271 |
|      78 |     1.35102  |          1.39138  |         0.460604 |              0.435271 |
|      79 |     1.3507   |          1.39394  |         0.460604 |              0.435271 |
|      80 |     1.35074  |          1.39126  |         0.460604 |              0.435271 |
|      81 |     1.35074  |          1.39185  |         0.455218 |              0.421277 |
|      82 |     1.35065  |          1.39278  |         0.460604 |              0.435271 |
|      83 |     1.35023  |          1.39191  |         0.460604 |              0.435271 |
|      84 |     1.35048  |          1.39151  |         0.460604 |              0.435271 |
|      85 |     1.3508   |          1.39471  |         0.460604 |              0.435271 |
|      86 |     1.35033  |          1.39194  |         0.455218 |              0.421277 |
|      87 |     1.35024  |          1.39422  |         0.460604 |              0.435271 |
|      88 |     1.35062  |          1.39048  |         0.460604 |              0.435271 |
|      89 |     1.35058  |          1.39465  |         0.460604 |              0.435271 |
|      90 |     1.35071  |          1.38989  |         0.460604 |              0.435271 |
|      91 |     1.35074  |          1.39005  |         0.460604 |              0.435271 |
|      92 |     1.35066  |          1.39273  |         0.460604 |              0.435271 |
|      93 |     1.35046  |          1.39469  |         0.455218 |              0.421277 |
|      94 |     1.35041  |          1.3917   |         0.460604 |              0.435271 |
|      95 |     1.3505   |          1.39253  |         0.455218 |              0.421277 |
|      96 |     1.35059  |          1.39164  |         0.460604 |              0.435271 |
|      97 |     1.35041  |          1.39388  |         0.455218 |              0.421277 |
|      98 |     1.35025  |          1.39415  |         0.460604 |              0.435271 |
|      99 |     1.35064  |          1.39192  |         0.460604 |              0.435271 |
|     100 |     1.3506   |          1.39045  |         0.460604 |              0.435271 |

########## Model 7 ##########

Test Accuracy: 59.38791506341742


|   Epoch |   Train Loss |   Validation Loss |   Train Accuracy |   Validation Accuracy |
|---------|--------------|-------------------|------------------|-----------------------|
|       1 |     0.954453 |          0.842093 |         0.774436 |              0.764773 |
|       2 |     0.888557 |          1.03177  |         0.625494 |              0.612283 |
|       3 |     0.995538 |          1.01698  |         0.568066 |              0.569292 |
|       4 |     0.989493 |          1.00965  |         0.634542 |              0.627287 |
|       5 |     0.946752 |          0.820346 |         0.778461 |              0.77438  |
|       6 |     0.791615 |          0.819074 |         0.777398 |              0.772406 |
|       7 |     0.785093 |          0.802812 |         0.78094  |              0.775345 |
|       8 |     0.777598 |          0.817263 |         0.773625 |              0.767054 |
|       9 |     0.774808 |          0.805951 |         0.7806   |              0.774863 |
|      10 |     0.775953 |          0.794661 |         0.778056 |              0.774644 |
|      11 |     0.776815 |          0.799276 |         0.780512 |              0.774775 |
|      12 |     0.732599 |          0.730693 |         0.780578 |              0.771748 |
|      13 |     0.696194 |          0.727457 |         0.780501 |              0.775214 |
|      14 |     0.694051 |          0.720737 |         0.780512 |              0.774731 |
|      15 |     0.692091 |          0.726978 |         0.780501 |              0.774205 |
|      16 |     0.692922 |          0.726567 |         0.779756 |              0.772713 |
|      17 |     0.695379 |          0.719267 |         0.78094  |              0.772582 |
|      18 |     0.690424 |          0.720953 |         0.780534 |              0.774775 |
|      19 |     0.690063 |          0.72413  |         0.78048  |              0.774995 |
|      20 |     0.688671 |          0.727527 |         0.780874 |              0.772801 |
|      21 |     0.708902 |          0.955673 |         0.626897 |              0.621233 |
|      22 |     0.908869 |          0.932315 |         0.635244 |              0.627418 |
|      23 |     0.904947 |          0.930566 |         0.611104 |              0.61417  |
|      24 |     0.903034 |          0.925125 |         0.635112 |              0.627067 |
|      25 |     0.899163 |          0.923298 |         0.635003 |              0.625532 |
|      26 |     0.897948 |          0.924719 |         0.635321 |              0.624698 |
|      27 |     0.958551 |          1.55362  |         0.461426 |              0.435403 |
|      28 |     1.41224  |          1.42521  |         0.455208 |              0.421496 |
|      29 |     1.3671   |          1.41612  |         0.455218 |              0.42154  |
|      30 |     1.22799  |          0.932655 |         0.642746 |              0.631367 |
|      31 |     1.06413  |          1.41547  |         0.455218 |              0.421233 |
|      32 |     1.36602  |          1.41861  |         0.455208 |              0.421233 |
|      33 |     1.36428  |          1.40883  |         0.455218 |              0.421233 |
|      34 |     1.36432  |          1.41004  |         0.455218 |              0.421277 |
|      35 |     1.28769  |          0.938472 |         0.632732 |              0.61259  |
|      36 |     0.893587 |          0.919221 |         0.619066 |              0.621452 |
|      37 |     0.767045 |          0.946923 |         0.619472 |              0.621452 |
|      38 |     0.893435 |          0.921353 |         0.619231 |              0.61961  |
|      39 |     0.89016  |          0.922082 |         0.63339  |              0.610572 |
|      40 |     0.888338 |          0.9229   |         0.642932 |              0.63141  |
|      41 |     0.888836 |          0.923367 |         0.643119 |              0.630182 |
|      42 |     0.889302 |          0.919427 |         0.619121 |              0.619302 |
|      43 |     0.889116 |          0.924234 |         0.633423 |              0.613556 |
|      44 |     1.02713  |          1.30127  |         0.535459 |              0.522395 |
|      45 |     1.2611   |          1.37222  |         0.47155  |              0.453652 |
|      46 |     1.27473  |          1.27033  |         0.535459 |              0.522132 |
|      47 |     1.14386  |          1.09445  |         0.60721  |              0.584646 |
|      48 |     1.03921  |          1.15783  |         0.602001 |              0.581399 |
|      49 |     1.00892  |          1.06439  |         0.607473 |              0.584426 |
|      50 |     0.872558 |          0.773112 |         0.77357  |              0.756043 |
|      51 |     0.734211 |          0.782224 |         0.766715 |              0.748541 |
|      52 |     0.744546 |          0.773764 |         0.774151 |              0.758061 |
|      53 |     0.726221 |          0.76803  |         0.77312  |              0.758017 |
|      54 |     0.734898 |          0.77423  |         0.776257 |              0.760211 |
|      55 |     0.723647 |          0.764575 |         0.774798 |              0.75828  |
|      56 |     0.725596 |          0.751121 |         0.785437 |              0.776091 |
|      57 |     0.698481 |          0.732853 |         0.785821 |              0.776969 |
|      58 |     0.715339 |          0.734247 |         0.785053 |              0.775696 |
|      59 |     0.726637 |          0.73087  |         0.784932 |              0.772977 |
|      60 |     0.749076 |          0.726833 |         0.786611 |              0.776749 |
|      61 |     0.70354  |          0.771182 |         0.756427 |              0.748322 |
|      62 |     1.19792  |          1.40702  |         0.455218 |              0.42154  |
|      63 |     1.3662   |          1.40701  |         0.429762 |              0.41882  |
|      64 |     1.36384  |          1.40207  |         0.455218 |              0.42154  |
|      65 |     1.36468  |          1.40108  |         0.455218 |              0.42154  |
|      66 |     1.36549  |          1.40551  |         0.455218 |              0.422461 |
|      67 |     1.36372  |          1.40868  |         0.455218 |              0.421277 |
|      68 |     1.3623   |          1.40805  |         0.429762 |              0.418557 |
|      69 |     1.3631   |          1.40888  |         0.455208 |              0.421233 |
|      70 |     1.36232  |          1.40504  |         0.455218 |              0.421277 |
|      71 |     1.36881  |          1.4081   |         0.459101 |              0.424611 |
|      72 |     1.36879  |          1.41615  |         0.459101 |              0.424611 |
|      73 |     1.36979  |          1.41444  |         0.459101 |              0.424347 |
|      74 |     1.36937  |          1.41146  |         0.459101 |              0.424611 |
|      75 |     1.36989  |          1.41158  |         0.459101 |              0.424611 |
|      76 |     1.36941  |          1.41411  |         0.459101 |              0.424611 |
|      77 |     1.36825  |          1.41063  |         0.459101 |              0.424347 |
|      78 |     0.826894 |          0.778534 |         0.777781 |              0.761614 |
|      79 |     0.725162 |          0.765541 |         0.77765  |              0.760956 |
|      80 |     0.727586 |          0.760305 |         0.777233 |              0.761439 |
|      81 |     0.720487 |          0.755714 |         0.777759 |              0.761834 |
|      82 |     0.722377 |          0.753333 |         0.77788  |              0.761702 |
|      83 |     0.715016 |          0.754993 |         0.777847 |              0.761658 |
|      84 |     0.714175 |          0.756904 |         0.777759 |              0.761658 |
|      85 |     0.714267 |          0.750908 |         0.777891 |              0.762053 |
|      86 |     0.727197 |          0.75093  |         0.777727 |              0.762141 |
|      87 |     0.718596 |          0.750964 |         0.777858 |              0.761571 |
|      88 |     0.7253   |          0.750275 |         0.777727 |              0.761527 |
|      89 |     0.763615 |          0.877853 |         0.70694  |              0.699715 |
|      90 |     0.90999  |          0.951791 |         0.632381 |              0.615135 |
|      91 |     0.910125 |          0.955356 |         0.621117 |              0.611187 |
|      92 |     0.915123 |          0.95087  |         0.622795 |              0.59614  |
|      93 |     0.845261 |          0.936601 |         0.647056 |              0.636587 |
|      94 |     0.810759 |          0.857742 |         0.751678 |              0.7424   |
|      95 |     0.866855 |          0.941114 |         0.639894 |              0.630314 |
|      96 |     0.753628 |          0.938019 |         0.652661 |              0.637289 |
|      97 |     0.877897 |          0.950718 |         0.632381 |              0.614258 |
|      98 |     0.913581 |          0.946839 |         0.624638 |              0.59864  |
|      99 |     0.912313 |          0.945291 |         0.625658 |              0.599737 |
|     100 |     0.911098 |          0.941334 |         0.628422 |              0.603948 |

########## Model 8 ##########

Test Accuracy: 45.16531281174291


|   Epoch |   Train Loss |   Validation Loss |   Train Accuracy |   Validation Accuracy |
|---------|--------------|-------------------|------------------|-----------------------|
|       1 |     0.90143  |          0.712858 |         0.763666 |              0.747006 |
|       2 |     0.673188 |          0.71061  |         0.762679 |              0.744769 |
|       3 |     1.0259   |          1.26697  |         0.458618 |              0.435008 |
|       4 |     1.22584  |          1.27944  |         0.458618 |              0.434876 |
|       5 |     1.22354  |          1.25258  |         0.466395 |              0.439438 |
|       6 |     1.2214   |          1.25972  |         0.466428 |              0.43957  |
|       7 |     1.21943  |          1.25456  |         0.461053 |              0.42562  |
|       8 |     1.21757  |          1.26285  |         0.457127 |              0.422373 |
|       9 |     1.21708  |          1.25961  |         0.456513 |              0.422066 |
|      10 |     1.21614  |          1.25349  |         0.466439 |              0.439614 |
|      11 |     1.21511  |          1.2516   |         0.461053 |              0.425883 |
|      12 |     1.21464  |          1.25076  |         0.466439 |              0.439877 |
|      13 |     1.21398  |          1.24874  |         0.466439 |              0.439614 |
|      14 |     1.21278  |          1.25226  |         0.466439 |              0.439614 |
|      15 |     1.21238  |          1.25111  |         0.465824 |              0.439307 |
|      16 |     1.21298  |          1.24796  |         0.461053 |              0.425883 |
|      17 |     1.21155  |          1.24866  |         0.461053 |              0.425883 |
|      18 |     1.21138  |          1.25039  |         0.466439 |              0.439877 |
|      19 |     1.21127  |          1.25015  |         0.466439 |              0.439614 |
|      20 |     1.2105   |          1.25217  |         0.460439 |              0.425576 |
|      21 |     1.21045  |          1.2496   |         0.461053 |              0.42562  |
|      22 |     1.21025  |          1.24869  |         0.466439 |              0.439877 |
|      23 |     1.2099   |          1.25005  |         0.461053 |              0.42562  |
|      24 |     1.21005  |          1.24592  |         0.466439 |              0.440798 |
|      25 |     1.20966  |          1.24583  |         0.466439 |              0.439614 |
|      26 |     1.21003  |          1.24745  |         0.466439 |              0.439877 |
|      27 |     1.20972  |          1.24716  |         0.466439 |              0.439877 |
|      28 |     1.20939  |          1.25066  |         0.466439 |              0.439877 |
|      29 |     1.20906  |          1.25098  |         0.461053 |              0.425883 |
|      30 |     1.20928  |          1.24722  |         0.461942 |              0.436499 |
|      31 |     1.20931  |          1.25634  |         0.461053 |              0.425883 |
|      32 |     1.20904  |          1.25005  |         0.466439 |              0.439614 |
|      33 |     1.20897  |          1.24561  |         0.466439 |              0.439877 |
|      34 |     1.20916  |          1.25179  |         0.461053 |              0.425883 |
|      35 |     1.20952  |          1.25278  |         0.462556 |              0.436806 |
|      36 |     1.20911  |          1.25338  |         0.460439 |              0.425576 |
|      37 |     1.2094   |          1.26141  |         0.460395 |              0.4254   |
|      38 |     1.20896  |          1.25064  |         0.461009 |              0.425707 |
|      39 |     1.20889  |          1.25318  |         0.461009 |              0.425707 |
|      40 |     1.20882  |          1.24886  |         0.466395 |              0.439702 |
|      41 |     1.20932  |          1.25278  |         0.466406 |              0.439746 |
|      42 |     1.20886  |          1.25413  |         0.461053 |              0.425883 |
|      43 |     1.20832  |          1.2545   |         0.466439 |              0.439877 |
|      44 |     1.20875  |          1.25103  |         0.466439 |              0.439877 |
|      45 |     1.20804  |          1.24744  |         0.466439 |              0.439877 |
|      46 |     1.20926  |          1.24962  |         0.466439 |              0.439877 |
|      47 |     1.20797  |          1.25199  |         0.461053 |              0.425883 |
|      48 |     1.20835  |          1.2543   |         0.461053 |              0.425883 |
|      49 |     1.20831  |          1.25061  |         0.466439 |              0.439877 |
|      50 |     1.20843  |          1.25867  |         0.466439 |              0.439877 |
|      51 |     1.20892  |          1.25016  |         0.461053 |              0.425883 |
|      52 |     1.20788  |          1.25315  |         0.461053 |              0.425883 |
|      53 |     1.20818  |          1.25343  |         0.461053 |              0.425883 |
|      54 |     1.20816  |          1.25271  |         0.461053 |              0.425883 |
|      55 |     1.20841  |          1.24614  |         0.466439 |              0.439877 |
|      56 |     1.20807  |          1.25235  |         0.461053 |              0.425883 |
|      57 |     1.20831  |          1.25017  |         0.466395 |              0.439702 |
|      58 |     1.20772  |          1.25226  |         0.466395 |              0.439702 |
|      59 |     1.20828  |          1.24771  |         0.466395 |              0.439702 |
|      60 |     1.20832  |          1.2521   |         0.461009 |              0.425707 |
|      61 |     1.20822  |          1.24874  |         0.466395 |              0.439702 |
|      62 |     1.20955  |          1.25106  |         0.466439 |              0.439877 |
|      63 |     1.208    |          1.25198  |         0.466439 |              0.439877 |
|      64 |     1.20791  |          1.24913  |         0.466439 |              0.439877 |
|      65 |     1.20818  |          1.24812  |         0.466439 |              0.439877 |
|      66 |     1.20757  |          1.25078  |         0.466439 |              0.439877 |
|      67 |     1.20752  |          1.25339  |         0.465791 |              0.439438 |
|      68 |     1.20773  |          1.24965  |         0.465824 |              0.43957  |
|      69 |     1.20941  |          1.25018  |         0.466395 |              0.439702 |
|      70 |     1.20946  |          1.2502   |         0.466439 |              0.439877 |
|      71 |     1.20881  |          1.24939  |         0.465813 |              0.439833 |
|      72 |     1.20901  |          1.25244  |         0.466439 |              0.439877 |
|      73 |     1.20854  |          1.2478   |         0.461053 |              0.425883 |
|      74 |     1.20877  |          1.25106  |         0.466439 |              0.439877 |
|      75 |     1.20867  |          1.24983  |         0.465813 |              0.439833 |
|      76 |     1.20855  |          1.25081  |         0.461053 |              0.425883 |
|      77 |     1.20865  |          1.25903  |         0.461053 |              0.425883 |
|      78 |     1.20932  |          1.25325  |         0.460384 |              0.425664 |
|      79 |     1.20903  |          1.25233  |         0.466439 |              0.439877 |
|      80 |     1.20925  |          1.25056  |         0.460428 |              0.425839 |
|      81 |     1.20848  |          1.25069  |         0.465813 |              0.439833 |
|      82 |     1.20848  |          1.24786  |         0.466439 |              0.439877 |
|      83 |     1.20778  |          1.248    |         0.461053 |              0.425883 |
|      84 |     1.20776  |          1.25009  |         0.465824 |              0.43957  |
|      85 |     1.20764  |          1.25104  |         0.465824 |              0.43957  |
|      86 |     1.20827  |          1.25016  |         0.466439 |              0.439877 |
|      87 |     1.20818  |          1.25265  |         0.466439 |              0.439877 |
|      88 |     1.20756  |          1.25031  |         0.466439 |              0.439877 |
|      89 |     1.20787  |          1.25304  |         0.466439 |              0.439877 |
|      90 |     1.20772  |          1.24638  |         0.465824 |              0.43957  |
|      91 |     1.20774  |          1.25269  |         0.461053 |              0.425883 |
|      92 |     1.20737  |          1.24661  |         0.465824 |              0.43957  |
|      93 |     1.20792  |          1.25253  |         0.466439 |              0.439877 |
|      94 |     1.2083   |          1.24842  |         0.465813 |              0.439833 |
|      95 |     1.20839  |          1.24778  |         0.466439 |              0.439877 |
|      96 |     1.20812  |          1.24849  |         0.460395 |              0.4254   |
|      97 |     1.2084   |          1.25014  |         0.461053 |              0.425883 |
|      98 |     1.20791  |          1.24722  |         0.461053 |              0.425883 |
|      99 |     1.2082   |          1.24754  |         0.465813 |              0.439833 |
|     100 |     1.20791  |          1.24484  |         0.466439 |              0.439877 |

########## Model 9 ##########

Test Accuracy: 33.62013681060282


|   Epoch |   Train Loss |   Validation Loss |   Train Accuracy |   Validation Accuracy |
|---------|--------------|-------------------|------------------|-----------------------|
|       1 |     0.747121 |          0.612927 |         0.779734 |              0.764905 |
|       2 |     0.650803 |          0.668246 |         0.76757  |              0.754332 |
|       3 |     0.640635 |          0.680046 |         0.75975  |              0.743453 |
|       4 |     0.646533 |          0.673202 |         0.759476 |              0.742268 |
|       5 |     0.641877 |          0.670949 |         0.755605 |              0.739109 |
|       6 |     0.748119 |          0.871922 |         0.614515 |              0.594385 |
|       7 |     0.947273 |          0.947655 |         0.611674 |              0.58741  |
|       8 |     0.887009 |          0.90641  |         0.611411 |              0.587673 |
|       9 |     1.05934  |          1.28566  |         0.464486 |              0.439526 |
|      10 |     1.24243  |          1.27484  |         0.459101 |              0.425532 |
|      11 |     1.23022  |          1.26191  |         0.464475 |              0.438561 |
|      12 |     1.22646  |          1.25973  |         0.464486 |              0.439526 |
|      13 |     1.22445  |          1.26374  |         0.464486 |              0.439526 |
|      14 |     1.2228   |          1.25911  |         0.459101 |              0.425532 |
|      15 |     1.22198  |          1.25502  |         0.455218 |              0.422461 |
|      16 |     1.22102  |          1.25811  |         0.464486 |              0.439526 |
|      17 |     1.22057  |          1.25986  |         0.45909  |              0.425488 |
|      18 |     1.22022  |          1.25542  |         0.459101 |              0.425532 |
|      19 |     1.21999  |          1.25252  |         0.464486 |              0.439526 |
|      20 |     1.2199   |          1.25797  |         0.45909  |              0.425488 |
|      21 |     1.21852  |          1.26047  |         0.459101 |              0.424479 |
|      22 |     1.21953  |          1.25181  |         0.464475 |              0.438429 |
|      23 |     1.22016  |          1.25747  |         0.45909  |              0.424435 |
|      24 |     1.2205   |          1.25423  |         0.464486 |              0.438473 |
|      25 |     1.21922  |          1.25693  |         0.45909  |              0.425488 |
|      26 |     1.21917  |          1.25725  |         0.45909  |              0.424435 |
|      27 |     1.21835  |          1.25447  |         0.451325 |              0.42097  |
|      28 |     1.21802  |          1.25845  |         0.459101 |              0.424479 |
|      29 |     1.21819  |          1.26948  |         0.459101 |              0.424479 |
|      30 |     1.21787  |          1.25875  |         0.464475 |              0.438429 |
|      31 |     1.21753  |          1.25419  |         0.459101 |              0.424479 |
|      32 |     1.21743  |          1.25288  |         0.464486 |              0.438473 |
|      33 |     1.21666  |          1.25287  |         0.460604 |              0.436455 |
|      34 |     1.21679  |          1.25893  |         0.455218 |              0.421408 |
|      35 |     1.21682  |          1.25233  |         0.459101 |              0.424479 |
|      36 |     1.21647  |          1.25189  |         0.459101 |              0.425532 |
|      37 |     1.21572  |          1.29749  |         0.456304 |              0.432112 |
|      38 |     1.21608  |          1.25642  |         0.459101 |              0.424479 |
|      39 |     1.21617  |          1.2554   |         0.464486 |              0.438473 |
|      40 |     1.21593  |          1.25774  |         0.459101 |              0.425532 |
|      41 |     1.21572  |          1.25477  |         0.459101 |              0.424479 |
|      42 |     1.21542  |          1.25618  |         0.459101 |              0.424479 |
|      43 |     1.21571  |          1.25413  |         0.459101 |              0.424479 |
|      44 |     1.21539  |          1.25998  |         0.459101 |              0.424479 |
|      45 |     1.21538  |          1.25099  |         0.464486 |              0.439526 |
|      46 |     1.21548  |          1.25436  |         0.459101 |              0.425532 |
|      47 |     1.21525  |          1.25457  |         0.464486 |              0.438473 |
|      48 |     1.21518  |          1.25402  |         0.460604 |              0.435403 |
|      49 |     1.21505  |          1.25453  |         0.459101 |              0.424479 |
|      50 |     1.21507  |          1.25555  |         0.459101 |              0.424479 |
|      51 |     1.21531  |          1.25079  |         0.45909  |              0.424435 |
|      52 |     1.21608  |          1.25134  |         0.459101 |              0.424479 |
|      53 |     1.21518  |          1.25834  |         0.459101 |              0.424479 |
|      54 |     1.21503  |          1.26178  |         0.455218 |              0.421408 |
|      55 |     1.21498  |          1.25096  |         0.460604 |              0.436455 |
|      56 |     1.21469  |          1.25527  |         0.464486 |              0.438473 |
|      57 |     1.21468  |          1.25438  |         0.459101 |              0.424479 |
|      58 |     1.21456  |          1.25219  |         0.459101 |              0.424479 |
|      59 |     1.21507  |          1.25036  |         0.459101 |              0.425532 |
|      60 |     1.21439  |          1.25321  |         0.459101 |              0.424479 |
|      61 |     1.21397  |          1.25485  |         0.464486 |              0.438473 |
|      62 |     1.2144   |          1.25557  |         0.459101 |              0.425532 |
|      63 |     1.21581  |          1.25167  |         0.464486 |              0.439526 |
|      64 |     1.21523  |          1.24912  |         0.459101 |              0.425532 |
|      65 |     1.21587  |          1.25128  |         0.464486 |              0.439526 |
|      66 |     1.21388  |          1.2522   |         0.464486 |              0.438473 |
|      67 |     1.21375  |          1.25118  |         0.464486 |              0.438473 |
|      68 |     1.21367  |          1.2536   |         0.464486 |              0.438473 |
|      69 |     1.21395  |          1.25342  |         0.464486 |              0.438473 |
|      70 |     1.21339  |          1.25343  |         0.464486 |              0.438473 |
|      71 |     1.21396  |          1.25342  |         0.464475 |              0.438429 |
|      72 |     1.21484  |          1.25397  |         0.459101 |              0.424479 |
|      73 |     1.21424  |          1.25838  |         0.45909  |              0.424435 |
|      74 |     1.21398  |          1.25126  |         0.459101 |              0.424479 |
|      75 |     1.21393  |          1.25694  |         0.464475 |              0.438429 |
|      76 |     1.21354  |          1.25419  |         0.459101 |              0.424479 |
|      77 |     1.21346  |          1.24973  |         0.464486 |              0.439526 |
|      78 |     1.21324  |          1.25188  |         0.459101 |              0.425532 |
|      79 |     1.38001  |          1.61316  |         0.362464 |              0.335293 |
|      80 |     1.57635  |          1.6126   |         0.362464 |              0.335293 |
|      81 |     1.57591  |          1.61511  |         0.362464 |              0.335293 |
|      82 |     1.57637  |          1.61237  |         0.362464 |              0.335293 |
|      83 |     1.57593  |          1.61924  |         0.362464 |              0.335293 |
|      84 |     1.57608  |          1.61588  |         0.362464 |              0.335293 |
|      85 |     1.57577  |          1.61448  |         0.362464 |              0.335293 |
|      86 |     1.57576  |          1.61664  |         0.362464 |              0.335293 |
|      87 |     1.57656  |          1.6209   |         0.362464 |              0.335293 |
|      88 |     1.57565  |          1.61447  |         0.362464 |              0.335293 |
|      89 |     1.57583  |          1.61315  |         0.362464 |              0.335293 |
|      90 |     1.57561  |          1.61444  |         0.362464 |              0.335293 |
|      91 |     1.57563  |          1.61673  |         0.362464 |              0.335293 |
|      92 |     1.57572  |          1.61297  |         0.362464 |              0.335293 |
|      93 |     1.57576  |          1.61278  |         0.362464 |              0.335293 |
|      94 |     1.57588  |          1.61412  |         0.362464 |              0.335293 |
|      95 |     1.57568  |          1.61139  |         0.362464 |              0.335293 |
|      96 |     1.57573  |          1.61278  |         0.362464 |              0.335293 |
|      97 |     1.57549  |          1.61279  |         0.362464 |              0.335293 |
|      98 |     1.57588  |          1.61261  |         0.362464 |              0.335293 |
|      99 |     1.57572  |          1.61211  |         0.362464 |              0.335293 |
|     100 |     1.57563  |          1.61108  |         0.362464 |              0.335293 |

########## Model 10 ##########

Test Accuracy: 44.26749323072538


|   Epoch |   Train Loss |   Validation Loss |   Train Accuracy |   Validation Accuracy |
|---------|--------------|-------------------|------------------|-----------------------|
|       1 |     1.17272  |          1.03781  |         0.664868 |              0.663786 |
|       2 |     0.979446 |          0.971643 |         0.673774 |              0.676903 |
|       3 |     0.979446 |          0.832241 |         0.778176 |              0.775477 |
|       4 |     0.815977 |          0.937641 |         0.681407 |              0.682913 |
|       5 |     0.914163 |          0.941526 |         0.674816 |              0.6619   |
|       6 |     1.11335  |          1.07888  |         0.621699 |              0.621584 |
|       7 |     1.12159  |          1.1391   |         0.602286 |              0.586181 |
|       8 |     1.18193  |          1.47738  |         0.410075 |              0.403115 |
|       9 |     1.42002  |          1.11577  |         0.622028 |              0.617592 |
|      10 |     1.08916  |          1.31066  |         0.563065 |              0.539943 |
|      11 |     1.27618  |          1.28932  |         0.532717 |              0.518096 |
|      12 |     1.29376  |          1.14311  |         0.619845 |              0.607151 |
|      13 |     1.19216  |          1.28488  |         0.576095 |              0.54955  |
|      14 |     1.18587  |          1.05     |         0.727231 |              0.717219 |
|      15 |     0.920076 |          0.924545 |         0.753817 |              0.740689 |
|      16 |     0.885409 |          0.88441  |         0.768207 |              0.753542 |
|      17 |     0.880576 |          0.912467 |         0.7619   |              0.746699 |
|      18 |     0.912491 |          0.928055 |         0.775358 |              0.763369 |
|      19 |     0.895725 |          0.900228 |         0.771168 |              0.753586 |
|      20 |     0.860869 |          0.902873 |         0.764763 |              0.750559 |
|      21 |     0.86268  |          0.916135 |         0.772539 |              0.76122  |
|      22 |     0.864774 |          0.87052  |         0.782936 |              0.771924 |
|      23 |     0.853927 |          0.865126 |         0.78003  |              0.766835 |
|      24 |     0.844805 |          0.861723 |         0.776981 |              0.761746 |
|      25 |     0.847212 |          0.88319  |         0.775237 |              0.763194 |
|      26 |     0.875573 |          0.947611 |         0.733274 |              0.726651 |
|      27 |     0.846031 |          0.849189 |         0.781192 |              0.767756 |
|      28 |     0.912747 |          0.860696 |         0.778736 |              0.767186 |
|      29 |     0.92024  |          0.90584  |         0.770192 |              0.75442  |
|      30 |     0.880302 |          0.987772 |         0.701906 |              0.676552 |
|      31 |     0.883842 |          0.862595 |         0.779273 |              0.76565  |
|      32 |     0.843566 |          0.863121 |         0.77867  |              0.763808 |
|      33 |     0.895637 |          1.06781  |         0.657761 |              0.654617 |
|      34 |     0.917671 |          0.853836 |         0.780589 |              0.77052  |
|      35 |     0.885507 |          1.06123  |         0.631855 |              0.608905 |
|      36 |     1.06341  |          1.33263  |         0.533287 |              0.520553 |
|      37 |     1.26263  |          1.19177  |         0.61038  |              0.591095 |
|      38 |     0.976594 |          0.952111 |         0.744297 |              0.734196 |
|      39 |     0.883044 |          0.87953  |         0.780348 |              0.766352 |
|      40 |     0.84533  |          0.852537 |         0.780611 |              0.766966 |
|      41 |     0.929511 |          0.998058 |         0.723831 |              0.710507 |
|      42 |     1.01104  |          1.16326  |         0.611784 |              0.590436 |
|      43 |     1.10463  |          0.99122  |         0.713411 |              0.704848 |
|      44 |     0.876627 |          0.880864 |         0.776608 |              0.762623 |
|      45 |     0.848508 |          0.852522 |         0.781807 |              0.768458 |
|      46 |     0.890604 |          1.02015  |         0.697366 |              0.688265 |
|      47 |     0.985665 |          1.12122  |         0.641682 |              0.617372 |
|      48 |     1.09352  |          1.00456  |         0.708092 |              0.699057 |
|      49 |     1.10492  |          1.03774  |         0.697936 |              0.688616 |
|      50 |     1.06738  |          0.954366 |         0.738297 |              0.726256 |
|      51 |     0.923331 |          1.03575  |         0.710286 |              0.694407 |
|      52 |     1.02033  |          1.08545  |         0.70422  |              0.688528 |
|      53 |     1.18032  |          1.21081  |         0.605028 |              0.58197  |
|      54 |     1.15622  |          1.1292   |         0.618726 |              0.598991 |
|      55 |     1.11812  |          1.12772  |         0.618759 |              0.599342 |
|      56 |     1.11968  |          1.13186  |         0.618737 |              0.59921  |
|      57 |     1.13362  |          1.14639  |         0.616818 |              0.597105 |
|      58 |     1.13137  |          1.13061  |         0.618726 |              0.598947 |
|      59 |     1.11767  |          1.14045  |         0.617246 |              0.59728  |
|      60 |     1.13289  |          1.23811  |         0.593073 |              0.573284 |
|      61 |     1.33502  |          1.16661  |         0.617465 |              0.598114 |
|      62 |     1.13726  |          1.39908  |         0.552273 |              0.544988 |
|      63 |     0.824935 |          0.791743 |         0.791074 |              0.785304 |
|      64 |     0.768246 |          0.906383 |         0.754628 |              0.74898  |
|      65 |     0.826915 |          0.948102 |         0.65651  |              0.64229  |
|      66 |     0.952483 |          0.944204 |         0.676658 |              0.672735 |
|      67 |     0.970419 |          1.06778  |         0.663409 |              0.661724 |
|      68 |     1.0223   |          0.991995 |         0.717952 |              0.709849 |
|      69 |     0.998301 |          1.0367   |         0.695128 |              0.681553 |
|      70 |     1.01815  |          1.00316  |         0.715046 |              0.701952 |
|      71 |     0.937528 |          1.0683   |         0.680936 |              0.670673 |
|      72 |     0.893352 |          0.888461 |         0.764565 |              0.751305 |
|      73 |     0.921115 |          0.939499 |         0.744034 |              0.73152  |
|      74 |     1.1306   |          1.31433  |         0.539671 |              0.52937  |
|      75 |     1.14317  |          1.13223  |         0.618704 |              0.599474 |
|      76 |     1.11912  |          1.13007  |         0.618606 |              0.599561 |
|      77 |     1.09129  |          1.12761  |         0.631372 |              0.608642 |
|      78 |     1.12678  |          1.12829  |         0.652332 |              0.639965 |
|      79 |     1.16916  |          1.12931  |         0.629574 |              0.608291 |
|      80 |     1.10486  |          1.13091  |         0.619077 |              0.60057  |
|      81 |     1.0061   |          0.918891 |         0.752413 |              0.73753  |
|      82 |     1.03159  |          1.13086  |         0.61888  |              0.600439 |
|      83 |     1.09435  |          1.09417  |         0.650347 |              0.627023 |
|      84 |     1.10002  |          1.11394  |         0.648164 |              0.624742 |
|      85 |     1.10334  |          1.12918  |         0.618507 |              0.599517 |
|      86 |     1.11155  |          1.12821  |         0.618891 |              0.599605 |
|      87 |     1.11226  |          1.12617  |         0.618946 |              0.599605 |
|      88 |     1.1138   |          1.12892  |         0.618979 |              0.60057  |
|      89 |     1.15272  |          1.23925  |         0.603141 |              0.583417 |
|      90 |     1.19442  |          1.18957  |         0.61231  |              0.594911 |
|      91 |     1.2718   |          1.32209  |         0.531741 |              0.521123 |
|      92 |     1.38067  |          1.42973  |         0.465122 |              0.439044 |
|      93 |     1.40823  |          1.43774  |         0.464859 |              0.436455 |
|      94 |     1.40735  |          1.43274  |         0.463598 |              0.434964 |
|      95 |     1.40697  |          1.42925  |         0.465331 |              0.439395 |
|      96 |     1.40692  |          1.43327  |         0.464618 |              0.436806 |
|      97 |     1.43571  |          1.5832   |         0.452071 |              0.425444 |
|      98 |     1.54587  |          1.58104  |         0.453014 |              0.431937 |
|      99 |     1.55378  |          1.58305  |         0.452827 |              0.431893 |
|     100 |     1.55365  |          1.58477  |         0.452827 |              0.431893 |

