Number of Models: 10
Test Accuracies: [82.8370084110025, 83.24619231643555, 82.08683791770856, 82.63241645828597, 82.76881109343033, 82.88247328938395, 82.8370084110025, 82.90520572857467, 82.90520572857467, 83.22345987724484]
Mean Accuracy: 82.83246192316436
Standard Deviation: 0.32269745245237236
Total Time: 0:24:01.588318



########## Model 1 ##########

Test Accuracy: 82.8370084110025


|   Epoch |   Train Loss |   Validation Loss |   Train Accuracy |   Validation Accuracy |
|---------|--------------|-------------------|------------------|-----------------------|
|       1 |     1.66317  |          0.898029 |         0.737085 |              0.764838 |
|       2 |     0.789878 |          0.691776 |         0.767745 |              0.788354 |
|       3 |     0.680188 |          0.624055 |         0.796164 |              0.807391 |
|       4 |     0.628463 |          0.607754 |         0.793644 |              0.807391 |
|       5 |     0.616805 |          0.590778 |         0.809604 |              0.821389 |
|       6 |     0.609643 |          0.581578 |         0.812544 |              0.824188 |
|       7 |     0.596002 |          0.575849 |         0.808064 |              0.822508 |
|       8 |     0.59436  |          0.56691  |         0.812964 |              0.824748 |
|       9 |     0.580554 |          0.56452  |         0.813664 |              0.828667 |
|      10 |     0.578281 |          0.564496 |         0.819124 |              0.833147 |
|      11 |     0.574105 |          0.562502 |         0.819404 |              0.832027 |
|      12 |     0.569059 |          0.559489 |         0.822764 |              0.832587 |
|      13 |     0.560569 |          0.563252 |         0.821504 |              0.832027 |
|      14 |     0.561709 |          0.549793 |         0.825003 |              0.832027 |
|      15 |     0.554796 |          0.558124 |         0.824164 |              0.832027 |
|      16 |     0.55223  |          0.557424 |         0.827943 |              0.834267 |
|      17 |     0.550399 |          0.557088 |         0.826683 |              0.832027 |
|      18 |     0.549786 |          0.54777  |         0.825003 |              0.833147 |
|      19 |     0.544276 |          0.553629 |         0.828503 |              0.835386 |
|      20 |     0.545486 |          0.548616 |         0.827803 |              0.832027 |
|      21 |     0.542062 |          0.543624 |         0.826123 |              0.835386 |
|      22 |     0.547798 |          0.548167 |         0.828083 |              0.831467 |
|      23 |     0.540594 |          0.542514 |         0.828923 |              0.837066 |
|      24 |     0.5406   |          0.555881 |         0.827243 |              0.834826 |
|      25 |     0.533021 |          0.559453 |         0.830323 |              0.834826 |
|      26 |     0.534684 |          0.544508 |         0.829343 |              0.834267 |
|      27 |     0.536087 |          0.585226 |         0.805964 |              0.81523  |
|      28 |     0.549454 |          0.547865 |         0.829343 |              0.833147 |
|      29 |     0.53444  |          0.544428 |         0.829483 |              0.835386 |
|      30 |     0.533179 |          0.540507 |         0.829763 |              0.838186 |
|      31 |     0.531436 |          0.538411 |         0.830743 |              0.838746 |
|      32 |     0.530541 |          0.547362 |         0.830043 |              0.839306 |
|      33 |     0.53341  |          0.534892 |         0.830323 |              0.835386 |
|      34 |     0.527809 |          0.53942  |         0.829903 |              0.833707 |
|      35 |     0.528526 |          0.538451 |         0.830743 |              0.837066 |
|      36 |     0.524405 |          0.540348 |         0.829483 |              0.835946 |
|      37 |     0.526121 |          0.540562 |         0.830323 |              0.836506 |
|      38 |     0.525913 |          0.55333  |         0.831163 |              0.835946 |
|      39 |     0.527122 |          0.542741 |         0.831443 |              0.836506 |
|      40 |     0.525456 |          0.543799 |         0.829763 |              0.835386 |
|      41 |     0.52871  |          0.54309  |         0.831163 |              0.834267 |
|      42 |     0.525379 |          0.540083 |         0.831443 |              0.837066 |
|      43 |     0.523052 |          0.531738 |         0.829203 |              0.837066 |
|      44 |     0.521879 |          0.541652 |         0.831023 |              0.835386 |
|      45 |     0.522718 |          0.545602 |         0.832843 |              0.839306 |
|      46 |     0.519926 |          0.538433 |         0.832843 |              0.837626 |
|      47 |     0.519107 |          0.549328 |         0.831863 |              0.836506 |
|      48 |     0.52064  |          0.541243 |         0.831163 |              0.838186 |
|      49 |     0.522673 |          0.544584 |         0.831443 |              0.838186 |
|      50 |     0.521464 |          0.535356 |         0.830743 |              0.833707 |
|      51 |     0.519563 |          0.548565 |         0.832143 |              0.834826 |
|      52 |     0.526145 |          0.542821 |         0.829343 |              0.833707 |
|      53 |     0.520624 |          0.548157 |         0.832703 |              0.836506 |
|      54 |     0.522158 |          0.535062 |         0.833403 |              0.840426 |
|      55 |     0.518188 |          0.542698 |         0.831163 |              0.837626 |
|      56 |     0.518712 |          0.547992 |         0.832283 |              0.835386 |
|      57 |     0.519778 |          0.535578 |         0.832563 |              0.838186 |
|      58 |     0.518449 |          0.538406 |         0.832703 |              0.837066 |
|      59 |     0.517377 |          0.550236 |         0.833683 |              0.839306 |
|      60 |     0.517925 |          0.54146  |         0.833543 |              0.838186 |
|      61 |     0.516697 |          0.539765 |         0.833263 |              0.837066 |
|      62 |     0.52543  |          0.541774 |         0.832003 |              0.838186 |
|      63 |     0.512491 |          0.542012 |         0.833823 |              0.839866 |
|      64 |     0.517207 |          0.531593 |         0.833963 |              0.839306 |
|      65 |     0.521196 |          0.540687 |         0.832143 |              0.834826 |
|      66 |     0.518052 |          0.541557 |         0.829483 |              0.833147 |
|      67 |     0.513954 |          0.548468 |         0.833543 |              0.837066 |
|      68 |     0.515696 |          0.544866 |         0.833123 |              0.837626 |
|      69 |     0.516336 |          0.53425  |         0.832703 |              0.836506 |
|      70 |     0.515549 |          0.546231 |         0.832843 |              0.835946 |
|      71 |     0.51616  |          0.54298  |         0.833963 |              0.838186 |
|      72 |     0.512727 |          0.548178 |         0.833263 |              0.837626 |
|      73 |     0.515358 |          0.537838 |         0.833403 |              0.835946 |
|      74 |     0.512329 |          0.550941 |         0.832563 |              0.838746 |
|      75 |     0.51476  |          0.540268 |         0.834243 |              0.839306 |
|      76 |     0.514822 |          0.538258 |         0.832003 |              0.834267 |
|      77 |     0.517901 |          0.540696 |         0.832703 |              0.833147 |
|      78 |     0.511681 |          0.553304 |         0.833123 |              0.837066 |
|      79 |     0.513071 |          0.549376 |         0.833403 |              0.833707 |
|      80 |     0.516671 |          0.541956 |         0.833403 |              0.836506 |
|      81 |     0.51333  |          0.545273 |         0.833823 |              0.837066 |
|      82 |     0.509687 |          0.543248 |         0.833683 |              0.839306 |
|      83 |     0.508013 |          0.547434 |         0.834243 |              0.839866 |
|      84 |     0.511319 |          0.549471 |         0.833263 |              0.837066 |
|      85 |     0.511333 |          0.540956 |         0.834523 |              0.839866 |
|      86 |     0.510868 |          0.543013 |         0.833683 |              0.835386 |
|      87 |     0.510509 |          0.537158 |         0.834663 |              0.837066 |
|      88 |     0.512434 |          0.549981 |         0.834523 |              0.838746 |
|      89 |     0.514253 |          0.549114 |         0.832983 |              0.834826 |
|      90 |     0.511784 |          0.549787 |         0.833403 |              0.835386 |
|      91 |     0.509836 |          0.549228 |         0.834383 |              0.837626 |
|      92 |     0.511948 |          0.541361 |         0.834103 |              0.840985 |
|      93 |     0.511342 |          0.55352  |         0.833543 |              0.836506 |
|      94 |     0.512509 |          0.535056 |         0.833263 |              0.837066 |
|      95 |     0.511941 |          0.552032 |         0.834103 |              0.840426 |
|      96 |     0.513429 |          0.541584 |         0.834663 |              0.839866 |
|      97 |     0.510619 |          0.541633 |         0.833683 |              0.835946 |
|      98 |     0.514483 |          0.544608 |         0.832843 |              0.835386 |
|      99 |     0.51418  |          0.538138 |         0.833683 |              0.839866 |
|     100 |     0.510003 |          0.547268 |         0.834243 |              0.838186 |

########## Model 2 ##########

Test Accuracy: 83.24619231643555


|   Epoch |   Train Loss |   Validation Loss |   Train Accuracy |   Validation Accuracy |
|---------|--------------|-------------------|------------------|-----------------------|
|       1 |     1.57703  |          0.828308 |         0.780344 |              0.797312 |
|       2 |     0.848898 |          0.767404 |         0.810724 |              0.824748 |
|       3 |     0.800419 |          0.745003 |         0.818144 |              0.826428 |
|       4 |     0.789763 |          0.747206 |         0.821224 |              0.827548 |
|       5 |     0.782085 |          0.743711 |         0.820384 |              0.828108 |
|       6 |     0.779065 |          0.743148 |         0.821924 |              0.833147 |
|       7 |     0.773575 |          0.747632 |         0.821924 |              0.829787 |
|       8 |     0.776391 |          0.745496 |         0.822484 |              0.833147 |
|       9 |     0.76961  |          0.73345  |         0.821924 |              0.833707 |
|      10 |     0.769815 |          0.745583 |         0.822064 |              0.829787 |
|      11 |     0.773045 |          0.732442 |         0.822904 |              0.833707 |
|      12 |     0.765788 |          0.734814 |         0.822904 |              0.833147 |
|      13 |     0.768657 |          0.736779 |         0.822064 |              0.829787 |
|      14 |     0.768943 |          0.737743 |         0.822204 |              0.832587 |
|      15 |     0.763744 |          0.736599 |         0.822064 |              0.829787 |
|      16 |     0.764725 |          0.73256  |         0.830043 |              0.840985 |
|      17 |     0.764017 |          0.738559 |         0.822064 |              0.829787 |
|      18 |     0.767181 |          0.733318 |         0.829623 |              0.837626 |
|      19 |     0.763697 |          0.732564 |         0.829203 |              0.838186 |
|      20 |     0.760957 |          0.737975 |         0.829483 |              0.837066 |
|      21 |     0.764632 |          0.737569 |         0.830183 |              0.840985 |
|      22 |     0.761964 |          0.730071 |         0.822764 |              0.833147 |
|      23 |     0.761885 |          0.730643 |         0.830883 |              0.841545 |
|      24 |     0.762442 |          0.734191 |         0.821364 |              0.830907 |
|      25 |     0.76097  |          0.73047  |         0.830743 |              0.841545 |
|      26 |     0.762427 |          0.73241  |         0.830743 |              0.840985 |
|      27 |     0.760697 |          0.729583 |         0.830743 |              0.840985 |
|      28 |     0.758582 |          0.727766 |         0.830043 |              0.838746 |
|      29 |     0.754007 |          0.720433 |         0.830043 |              0.837626 |
|      30 |     0.74876  |          0.716509 |         0.830883 |              0.841545 |
|      31 |     0.740885 |          0.71786  |         0.829903 |              0.837066 |
|      32 |     0.741126 |          0.725442 |         0.829903 |              0.837626 |
|      33 |     0.734702 |          0.717601 |         0.830043 |              0.837626 |
|      34 |     0.736026 |          0.719841 |         0.829903 |              0.838186 |
|      35 |     0.736373 |          0.71287  |         0.830323 |              0.840985 |
|      36 |     0.736334 |          0.717183 |         0.830743 |              0.840426 |
|      37 |     0.732513 |          0.723941 |         0.830603 |              0.840985 |
|      38 |     0.755452 |          0.719442 |         0.828363 |              0.838186 |
|      39 |     0.741055 |          0.717683 |         0.830323 |              0.839306 |
|      40 |     0.733276 |          0.720804 |         0.831023 |              0.841545 |
|      41 |     0.738884 |          0.719934 |         0.825983 |              0.840985 |
|      42 |     0.879639 |          0.779408 |         0.804704 |              0.817469 |
|      43 |     0.813927 |          0.758043 |         0.812684 |              0.825308 |
|      44 |     0.799214 |          0.756316 |         0.808904 |              0.825868 |
|      45 |     0.804154 |          0.740588 |         0.817724 |              0.826988 |
|      46 |     0.783317 |          0.749241 |         0.814224 |              0.828108 |
|      47 |     0.782769 |          0.744787 |         0.828643 |              0.840426 |
|      48 |     0.778303 |          0.735609 |         0.820244 |              0.828108 |
|      49 |     0.770988 |          0.740809 |         0.828923 |              0.836506 |
|      50 |     0.770098 |          0.732746 |         0.829343 |              0.838186 |
|      51 |     0.771428 |          0.746667 |         0.821364 |              0.828108 |
|      52 |     0.766753 |          0.73839  |         0.821084 |              0.828108 |
|      53 |     0.770757 |          0.747353 |         0.824724 |              0.835946 |
|      54 |     0.767698 |          0.734673 |         0.822064 |              0.831467 |
|      55 |     0.774753 |          0.731931 |         0.828783 |              0.842105 |
|      56 |     0.768675 |          0.738982 |         0.828223 |              0.839306 |
|      57 |     0.768887 |          0.731083 |         0.829903 |              0.842105 |
|      58 |     0.767092 |          0.732002 |         0.829763 |              0.842105 |
|      59 |     0.76918  |          0.734249 |         0.829623 |              0.841545 |
|      60 |     0.770092 |          0.742441 |         0.822064 |              0.833707 |
|      61 |     0.76819  |          0.729819 |         0.829623 |              0.840985 |
|      62 |     0.766201 |          0.731488 |         0.830183 |              0.841545 |
|      63 |     0.764624 |          0.730288 |         0.829483 |              0.841545 |
|      64 |     0.763249 |          0.732823 |         0.829763 |              0.839866 |
|      65 |     0.765363 |          0.729102 |         0.829763 |              0.840426 |
|      66 |     0.759375 |          0.731222 |         0.829903 |              0.842665 |
|      67 |     0.76364  |          0.737772 |         0.829623 |              0.840426 |
|      68 |     0.766534 |          0.734065 |         0.828643 |              0.837066 |
|      69 |     0.76471  |          0.736441 |         0.818844 |              0.829227 |
|      70 |     0.767287 |          0.730004 |         0.829203 |              0.840426 |
|      71 |     0.764169 |          0.735346 |         0.829063 |              0.838186 |
|      72 |     0.765612 |          0.728456 |         0.827103 |              0.837066 |
|      73 |     0.764731 |          0.741417 |         0.825423 |              0.836506 |
|      74 |     0.760982 |          0.728593 |         0.829903 |              0.842105 |
|      75 |     0.764345 |          0.732074 |         0.830183 |              0.841545 |
|      76 |     0.760116 |          0.728497 |         0.829623 |              0.841545 |
|      77 |     0.766255 |          0.74003  |         0.829483 |              0.840985 |
|      78 |     0.765176 |          0.724341 |         0.829763 |              0.841545 |
|      79 |     0.761326 |          0.727543 |         0.829623 |              0.838186 |
|      80 |     0.76073  |          0.728852 |         0.830603 |              0.840985 |
|      81 |     0.763421 |          0.732382 |         0.829063 |              0.837066 |
|      82 |     0.758114 |          0.730708 |         0.829483 |              0.838186 |
|      83 |     0.761244 |          0.725971 |         0.829343 |              0.843225 |
|      84 |     0.763875 |          0.733036 |         0.829763 |              0.838746 |
|      85 |     0.760101 |          0.736945 |         0.829203 |              0.836506 |
|      86 |     0.760445 |          0.733731 |         0.829903 |              0.837626 |
|      87 |     0.759824 |          0.729808 |         0.829623 |              0.840985 |
|      88 |     0.758207 |          0.735565 |         0.828643 |              0.838186 |
|      89 |     0.756956 |          0.732664 |         0.830743 |              0.840985 |
|      90 |     0.758536 |          0.734364 |         0.830463 |              0.840426 |
|      91 |     0.760368 |          0.730055 |         0.829483 |              0.838186 |
|      92 |     0.760214 |          0.729256 |         0.829903 |              0.837066 |
|      93 |     0.757782 |          0.732678 |         0.830183 |              0.840426 |
|      94 |     0.761491 |          0.732048 |         0.830183 |              0.841545 |
|      95 |     0.760907 |          0.729445 |         0.829203 |              0.838746 |
|      96 |     0.760577 |          0.739552 |         0.829343 |              0.838186 |
|      97 |     0.759384 |          0.733186 |         0.830463 |              0.839866 |
|      98 |     0.754483 |          0.743541 |         0.828083 |              0.839306 |
|      99 |     0.764131 |          0.735284 |         0.828223 |              0.837066 |
|     100 |     0.764881 |          0.731346 |         0.830183 |              0.837626 |

########## Model 3 ##########

Test Accuracy: 82.08683791770856


|   Epoch |   Train Loss |   Validation Loss |   Train Accuracy |   Validation Accuracy |
|---------|--------------|-------------------|------------------|-----------------------|
|       1 |     1.29726  |          0.864524 |         0.763545 |              0.783875 |
|       2 |     0.900468 |          0.833556 |         0.785944 |              0.801232 |
|       3 |     0.863896 |          0.80709  |         0.789024 |              0.804031 |
|       4 |     0.832789 |          0.767522 |         0.805684 |              0.815789 |
|       5 |     0.823272 |          0.777901 |         0.802464 |              0.81411  |
|       6 |     0.811964 |          0.775687 |         0.800924 |              0.81243  |
|       7 |     0.803798 |          0.76484  |         0.808624 |              0.818029 |
|       8 |     0.795963 |          0.755163 |         0.807084 |              0.817469 |
|       9 |     0.780195 |          0.74827  |         0.811704 |              0.818029 |
|      10 |     0.779648 |          0.747761 |         0.811564 |              0.819709 |
|      11 |     0.774772 |          0.752613 |         0.814224 |              0.821948 |
|      12 |     0.770432 |          0.737419 |         0.815204 |              0.821389 |
|      13 |     0.774145 |          0.736983 |         0.818004 |              0.829787 |
|      14 |     0.768042 |          0.735604 |         0.819404 |              0.823068 |
|      15 |     0.765274 |          0.740929 |         0.818844 |              0.829787 |
|      16 |     0.762174 |          0.728088 |         0.820384 |              0.825868 |
|      17 |     0.756816 |          0.732101 |         0.821084 |              0.828667 |
|      18 |     0.756307 |          0.729752 |         0.821504 |              0.825868 |
|      19 |     0.75756  |          0.731493 |         0.820804 |              0.827548 |
|      20 |     0.755998 |          0.73453  |         0.821924 |              0.828108 |
|      21 |     0.76997  |          0.734984 |         0.820524 |              0.829227 |
|      22 |     0.763038 |          0.731695 |         0.820944 |              0.826428 |
|      23 |     0.779168 |          0.730141 |         0.820804 |              0.824748 |
|      24 |     0.749879 |          0.730009 |         0.820384 |              0.829787 |
|      25 |     0.779813 |          0.73286  |         0.822064 |              0.828108 |
|      26 |     0.76224  |          0.721141 |         0.820944 |              0.826988 |
|      27 |     0.786363 |          0.775712 |         0.798264 |              0.81075  |
|      28 |     0.801553 |          0.770291 |         0.802464 |              0.81355  |
|      29 |     0.797584 |          0.773191 |         0.802884 |              0.81019  |
|      30 |     0.790266 |          0.762256 |         0.804004 |              0.81411  |
|      31 |     0.78718  |          0.766775 |         0.804284 |              0.81467  |
|      32 |     0.78832  |          0.765538 |         0.803724 |              0.81075  |
|      33 |     0.788367 |          0.763861 |         0.804564 |              0.81411  |
|      34 |     0.784336 |          0.763866 |         0.803724 |              0.81131  |
|      35 |     0.785882 |          0.769926 |         0.804564 |              0.81355  |
|      36 |     0.782668 |          0.765539 |         0.803444 |              0.81411  |
|      37 |     0.784019 |          0.763411 |         0.804004 |              0.81131  |
|      38 |     0.771088 |          0.763935 |         0.803024 |              0.81523  |
|      39 |     0.78388  |          0.760856 |         0.803864 |              0.81131  |
|      40 |     0.782669 |          0.763338 |         0.804004 |              0.80963  |
|      41 |     0.781683 |          0.765538 |         0.803584 |              0.81075  |
|      42 |     0.781102 |          0.758453 |         0.804424 |              0.81299  |
|      43 |     0.780389 |          0.775379 |         0.800364 |              0.809071 |
|      44 |     0.783817 |          0.763812 |         0.805124 |              0.81411  |
|      45 |     0.779624 |          0.761924 |         0.804424 |              0.81075  |
|      46 |     0.783476 |          0.753579 |         0.804424 |              0.81075  |
|      47 |     0.775898 |          0.759034 |         0.804004 |              0.81243  |
|      48 |     0.779071 |          0.757183 |         0.804564 |              0.815789 |
|      49 |     0.778574 |          0.75838  |         0.805264 |              0.815789 |
|      50 |     0.776759 |          0.758731 |         0.804284 |              0.81019  |
|      51 |     0.779453 |          0.751654 |         0.803024 |              0.81243  |
|      52 |     0.775739 |          0.762162 |         0.804424 |              0.81299  |
|      53 |     0.778405 |          0.756191 |         0.803864 |              0.81131  |
|      54 |     0.781403 |          0.756153 |         0.804284 |              0.81355  |
|      55 |     0.78142  |          0.75089  |         0.807224 |              0.816349 |
|      56 |     0.773323 |          0.756532 |         0.806524 |              0.81187  |
|      57 |     0.766492 |          0.72369  |         0.820944 |              0.831467 |
|      58 |     0.741458 |          0.717109 |         0.823324 |              0.831467 |
|      59 |     0.736697 |          0.719971 |         0.823604 |              0.832027 |
|      60 |     0.740587 |          0.716584 |         0.823324 |              0.832027 |
|      61 |     0.73683  |          0.719985 |         0.822904 |              0.828108 |
|      62 |     0.73435  |          0.724794 |         0.821364 |              0.826988 |
|      63 |     0.737305 |          0.720611 |         0.822064 |              0.828667 |
|      64 |     0.735839 |          0.719862 |         0.823744 |              0.832027 |
|      65 |     0.734512 |          0.717929 |         0.823604 |              0.832587 |
|      66 |     0.731841 |          0.719131 |         0.822904 |              0.829227 |
|      67 |     0.732155 |          0.716276 |         0.822344 |              0.829227 |
|      68 |     0.731238 |          0.725389 |         0.823324 |              0.832587 |
|      69 |     0.731082 |          0.721069 |         0.823044 |              0.829227 |
|      70 |     0.73231  |          0.716771 |         0.823464 |              0.833147 |
|      71 |     0.731622 |          0.719913 |         0.823184 |              0.829227 |
|      72 |     0.73172  |          0.716058 |         0.823884 |              0.833707 |
|      73 |     0.73696  |          0.719725 |         0.823604 |              0.833147 |
|      74 |     0.760419 |          0.734619 |         0.818144 |              0.821948 |
|      75 |     0.744573 |          0.718858 |         0.821924 |              0.830347 |
|      76 |     0.743745 |          0.720273 |         0.822204 |              0.831467 |
|      77 |     0.7452   |          0.712753 |         0.822764 |              0.833147 |
|      78 |     0.741899 |          0.712707 |         0.822624 |              0.833147 |
|      79 |     0.740705 |          0.715284 |         0.821084 |              0.829227 |
|      80 |     0.742046 |          0.729157 |         0.818984 |              0.824188 |
|      81 |     0.741808 |          0.723664 |         0.819684 |              0.826428 |
|      82 |     0.737299 |          0.719931 |         0.822764 |              0.830907 |
|      83 |     0.736488 |          0.717037 |         0.820944 |              0.828667 |
|      84 |     0.737513 |          0.719589 |         0.822484 |              0.833147 |
|      85 |     0.741786 |          0.721133 |         0.822904 |              0.831467 |
|      86 |     0.737291 |          0.724946 |         0.818704 |              0.825308 |
|      87 |     0.734978 |          0.721478 |         0.823464 |              0.833147 |
|      88 |     0.734997 |          0.716393 |         0.823604 |              0.832587 |
|      89 |     0.73567  |          0.723734 |         0.823324 |              0.832027 |
|      90 |     0.729431 |          0.722877 |         0.822484 |              0.829787 |
|      91 |     0.735747 |          0.722534 |         0.823464 |              0.833147 |
|      92 |     0.730522 |          0.726877 |         0.823464 |              0.832587 |
|      93 |     0.73383  |          0.720313 |         0.830463 |              0.837626 |
|      94 |     0.729986 |          0.724626 |         0.823604 |              0.832027 |
|      95 |     0.730651 |          0.72423  |         0.823744 |              0.833147 |
|      96 |     0.728327 |          0.724086 |         0.823744 |              0.832587 |
|      97 |     0.73267  |          0.730502 |         0.821504 |              0.828667 |
|      98 |     0.730787 |          0.724204 |         0.823044 |              0.829227 |
|      99 |     0.728123 |          0.725745 |         0.823044 |              0.829227 |
|     100 |     0.732775 |          0.721516 |         0.823744 |              0.832027 |

########## Model 4 ##########

Test Accuracy: 82.63241645828597


|   Epoch |   Train Loss |   Validation Loss |   Train Accuracy |   Validation Accuracy |
|---------|--------------|-------------------|------------------|-----------------------|
|       1 |     2.07506  |          1.89574  |         0.306734 |              0.30963  |
|       2 |     1.88692  |          1.86549  |         0.306174 |              0.306831 |
|       3 |     1.87494  |          1.8625   |         0.308134 |              0.307951 |
|       4 |     1.86466  |          1.86074  |         0.307014 |              0.305711 |
|       5 |     1.85344  |          1.8557   |         0.307434 |              0.307391 |
|       6 |     1.84873  |          1.84598  |         0.305894 |              0.307951 |
|       7 |     1.32879  |          1.24585  |         0.581268 |              0.586226 |
|       8 |     1.25191  |          1.24467  |         0.583368 |              0.590146 |
|       9 |     1.24746  |          1.21965  |         0.584068 |              0.589026 |
|      10 |     1.23774  |          1.22233  |         0.585608 |              0.591825 |
|      11 |     1.2359   |          1.22978  |         0.585328 |              0.589586 |
|      12 |     1.23427  |          1.22225  |         0.581268 |              0.584546 |
|      13 |     1.22555  |          1.21978  |         0.584768 |              0.589586 |
|      14 |     1.22456  |          1.20214  |         0.587988 |              0.591825 |
|      15 |     0.924197 |          0.59183  |         0.820804 |              0.826988 |
|      16 |     0.563495 |          0.552463 |         0.824584 |              0.833147 |
|      17 |     0.554424 |          0.5431   |         0.822064 |              0.834267 |
|      18 |     0.553501 |          0.53738  |         0.826263 |              0.834826 |
|      19 |     0.544755 |          0.53455  |         0.826683 |              0.837626 |
|      20 |     0.540694 |          0.547321 |         0.827243 |              0.831467 |
|      21 |     0.542044 |          0.537561 |         0.827943 |              0.840426 |
|      22 |     0.536478 |          0.546584 |         0.823884 |              0.830907 |
|      23 |     0.539408 |          0.532167 |         0.828783 |              0.835386 |
|      24 |     0.535241 |          0.533456 |         0.828923 |              0.835946 |
|      25 |     0.530204 |          0.528051 |         0.829063 |              0.840985 |
|      26 |     0.533676 |          0.523658 |         0.829343 |              0.837626 |
|      27 |     0.535688 |          0.528282 |         0.830603 |              0.840985 |
|      28 |     0.531462 |          0.541503 |         0.829483 |              0.838186 |
|      29 |     0.529847 |          0.546111 |         0.827103 |              0.835946 |
|      30 |     0.528314 |          0.536134 |         0.828923 |              0.839306 |
|      31 |     0.527738 |          0.536375 |         0.830743 |              0.838746 |
|      32 |     0.526324 |          0.539071 |         0.828923 |              0.835946 |
|      33 |     0.52665  |          0.539239 |         0.830043 |              0.839306 |
|      34 |     0.524938 |          0.539365 |         0.830603 |              0.837626 |
|      35 |     0.522633 |          0.546246 |         0.826263 |              0.835946 |
|      36 |     0.529213 |          0.534832 |         0.830463 |              0.840985 |
|      37 |     0.530829 |          0.535006 |         0.827943 |              0.838186 |
|      38 |     0.527445 |          0.539945 |         0.829763 |              0.840985 |
|      39 |     0.524949 |          0.542993 |         0.830463 |              0.839866 |
|      40 |     0.521575 |          0.531344 |         0.831723 |              0.840985 |
|      41 |     0.527069 |          0.534225 |         0.831723 |              0.842105 |
|      42 |     0.525113 |          0.523163 |         0.832423 |              0.842665 |
|      43 |     0.522292 |          0.534088 |         0.831723 |              0.841545 |
|      44 |     0.524819 |          0.53319  |         0.829623 |              0.836506 |
|      45 |     0.529492 |          0.528384 |         0.831163 |              0.838746 |
|      46 |     0.523619 |          0.530986 |         0.832423 |              0.842105 |
|      47 |     0.524531 |          0.539126 |         0.832423 |              0.839866 |
|      48 |     0.516255 |          0.530073 |         0.832423 |              0.842665 |
|      49 |     0.522518 |          0.528463 |         0.831023 |              0.840426 |
|      50 |     0.520662 |          0.529557 |         0.831863 |              0.838746 |
|      51 |     0.518955 |          0.542674 |         0.831163 |              0.838746 |
|      52 |     0.523268 |          0.525172 |         0.832843 |              0.842105 |
|      53 |     0.521294 |          0.534914 |         0.831863 |              0.839866 |
|      54 |     0.517014 |          0.539327 |         0.828363 |              0.838186 |
|      55 |     0.516622 |          0.526625 |         0.832143 |              0.839866 |
|      56 |     0.519651 |          0.5299   |         0.832703 |              0.840426 |
|      57 |     0.51576  |          0.537722 |         0.832983 |              0.839866 |
|      58 |     0.514739 |          0.537694 |         0.832003 |              0.836506 |
|      59 |     0.516319 |          0.529024 |         0.831863 |              0.838746 |
|      60 |     0.516316 |          0.529941 |         0.828223 |              0.837066 |
|      61 |     0.523797 |          0.524786 |         0.832003 |              0.839306 |
|      62 |     0.516337 |          0.521304 |         0.833123 |              0.842665 |
|      63 |     0.518218 |          0.532584 |         0.832563 |              0.842105 |
|      64 |     0.514366 |          0.532373 |         0.832143 |              0.838746 |
|      65 |     0.516143 |          0.525632 |         0.831863 |              0.840985 |
|      66 |     0.519697 |          0.529447 |         0.832003 |              0.842105 |
|      67 |     0.516808 |          0.53668  |         0.832423 |              0.839306 |
|      68 |     0.511685 |          0.537554 |         0.831863 |              0.840985 |
|      69 |     0.519367 |          0.534041 |         0.832843 |              0.842665 |
|      70 |     0.511577 |          0.536815 |         0.830883 |              0.837066 |
|      71 |     0.514318 |          0.533177 |         0.833543 |              0.841545 |
|      72 |     0.517373 |          0.540755 |         0.831163 |              0.835946 |
|      73 |     0.513672 |          0.559384 |         0.825283 |              0.830347 |
|      74 |     0.514775 |          0.533566 |         0.833403 |              0.840426 |
|      75 |     0.511059 |          0.538989 |         0.831163 |              0.837626 |
|      76 |     0.514628 |          0.541197 |         0.831023 |              0.840426 |
|      77 |     0.518561 |          0.555422 |         0.827803 |              0.838746 |
|      78 |     0.52254  |          0.531142 |         0.831583 |              0.837066 |
|      79 |     0.518681 |          0.539455 |         0.832283 |              0.836506 |
|      80 |     0.510483 |          0.536438 |         0.833263 |              0.841545 |
|      81 |     0.512479 |          0.537174 |         0.833543 |              0.840985 |
|      82 |     0.515239 |          0.543806 |         0.832003 |              0.837066 |
|      83 |     0.510841 |          0.539879 |         0.833683 |              0.840985 |
|      84 |     0.510619 |          0.538621 |         0.832563 |              0.838746 |
|      85 |     0.512947 |          0.546952 |         0.832423 |              0.837626 |
|      86 |     0.509157 |          0.543833 |         0.833123 |              0.842105 |
|      87 |     0.514009 |          0.544182 |         0.830883 |              0.835946 |
|      88 |     0.517111 |          0.545903 |         0.832143 |              0.839306 |
|      89 |     0.516042 |          0.540466 |         0.832143 |              0.837066 |
|      90 |     0.510976 |          0.542126 |         0.831443 |              0.840426 |
|      91 |     0.515847 |          0.5365   |         0.833123 |              0.840985 |
|      92 |     0.50978  |          0.545121 |         0.833543 |              0.840985 |
|      93 |     0.51073  |          0.544214 |         0.832843 |              0.840426 |
|      94 |     0.511097 |          0.540546 |         0.833403 |              0.840985 |
|      95 |     0.510424 |          0.540864 |         0.833543 |              0.840985 |
|      96 |     0.507726 |          0.540428 |         0.833963 |              0.840426 |
|      97 |     0.507941 |          0.54725  |         0.833123 |              0.840426 |
|      98 |     0.506623 |          0.540154 |         0.832703 |              0.837626 |
|      99 |     0.50837  |          0.541883 |         0.833123 |              0.837626 |
|     100 |     0.508686 |          0.543555 |         0.833683 |              0.840985 |

########## Model 5 ##########

Test Accuracy: 82.76881109343033


|   Epoch |   Train Loss |   Validation Loss |   Train Accuracy |   Validation Accuracy |
|---------|--------------|-------------------|------------------|-----------------------|
|       1 |     1.33144  |          0.845336 |         0.721406 |              0.74972  |
|       2 |     0.848009 |          0.790253 |         0.747025 |              0.774356 |
|       3 |     0.768747 |          0.689253 |         0.785244 |              0.798992 |
|       4 |     0.718167 |          0.66763  |         0.792944 |              0.807391 |
|       5 |     0.6974   |          0.646396 |         0.799664 |              0.808511 |
|       6 |     0.695614 |          0.639974 |         0.804284 |              0.816909 |
|       7 |     0.677941 |          0.629167 |         0.802184 |              0.81075  |
|       8 |     0.662488 |          0.65244  |         0.808904 |              0.818589 |
|       9 |     0.66671  |          0.638184 |         0.814784 |              0.820829 |
|      10 |     0.655341 |          0.648293 |         0.811424 |              0.825868 |
|      11 |     0.65561  |          0.627149 |         0.812964 |              0.819709 |
|      12 |     0.64685  |          0.613393 |         0.818844 |              0.826988 |
|      13 |     0.632896 |          0.616613 |         0.820384 |              0.833707 |
|      14 |     0.635818 |          0.601895 |         0.823884 |              0.835386 |
|      15 |     0.633943 |          0.615182 |         0.825003 |              0.837066 |
|      16 |     0.624813 |          0.619943 |         0.818704 |              0.832587 |
|      17 |     0.628567 |          0.599323 |         0.826403 |              0.838746 |
|      18 |     0.627558 |          0.605655 |         0.818004 |              0.829787 |
|      19 |     0.62082  |          0.605619 |         0.825703 |              0.837066 |
|      20 |     0.623553 |          0.609874 |         0.828223 |              0.838746 |
|      21 |     0.618571 |          0.601562 |         0.829623 |              0.840985 |
|      22 |     0.612262 |          0.599095 |         0.828223 |              0.837066 |
|      23 |     0.611894 |          0.602035 |         0.828363 |              0.836506 |
|      24 |     0.615886 |          0.60223  |         0.827523 |              0.841545 |
|      25 |     0.615536 |          0.60003  |         0.829483 |              0.836506 |
|      26 |     0.61484  |          0.609966 |         0.828223 |              0.837626 |
|      27 |     0.612223 |          0.592978 |         0.822764 |              0.832587 |
|      28 |     0.611229 |          0.609753 |         0.827523 |              0.834826 |
|      29 |     0.610028 |          0.601079 |         0.830183 |              0.840426 |
|      30 |     0.604989 |          0.592967 |         0.830463 |              0.842105 |
|      31 |     0.609554 |          0.601086 |         0.829623 |              0.838186 |
|      32 |     0.61122  |          0.599583 |         0.830883 |              0.840985 |
|      33 |     0.608371 |          0.60108  |         0.830883 |              0.839306 |
|      34 |     0.606503 |          0.598025 |         0.830463 |              0.841545 |
|      35 |     0.604841 |          0.60715  |         0.830043 |              0.839306 |
|      36 |     0.605637 |          0.600508 |         0.830883 |              0.840426 |
|      37 |     0.605416 |          0.610825 |         0.827523 |              0.838186 |
|      38 |     0.607646 |          0.601391 |         0.831583 |              0.839866 |
|      39 |     0.602677 |          0.598294 |         0.822904 |              0.833707 |
|      40 |     0.602606 |          0.600553 |         0.830183 |              0.838186 |
|      41 |     0.603799 |          0.602924 |         0.831023 |              0.836506 |
|      42 |     0.598064 |          0.595231 |         0.830883 |              0.843225 |
|      43 |     0.607499 |          0.591278 |         0.829203 |              0.839306 |
|      44 |     0.604139 |          0.595281 |         0.831583 |              0.840426 |
|      45 |     0.599279 |          0.598769 |         0.830883 |              0.838186 |
|      46 |     0.609392 |          0.597322 |         0.831303 |              0.841545 |
|      47 |     0.597998 |          0.6052   |         0.832003 |              0.839306 |
|      48 |     0.597661 |          0.602544 |         0.832143 |              0.840985 |
|      49 |     0.594971 |          0.594274 |         0.823464 |              0.830347 |
|      50 |     0.597881 |          0.595074 |         0.832423 |              0.839306 |
|      51 |     0.59965  |          0.596775 |         0.831583 |              0.842105 |
|      52 |     0.596863 |          0.605034 |         0.832143 |              0.839866 |
|      53 |     0.596343 |          0.59426  |         0.831443 |              0.839306 |
|      54 |     0.598223 |          0.603738 |         0.829903 |              0.834826 |
|      55 |     0.597311 |          0.602904 |         0.832843 |              0.839306 |
|      56 |     0.600185 |          0.594715 |         0.831163 |              0.838186 |
|      57 |     0.596571 |          0.594592 |         0.832283 |              0.842105 |
|      58 |     0.593746 |          0.607276 |         0.831303 |              0.838746 |
|      59 |     0.59457  |          0.601578 |         0.832003 |              0.839306 |
|      60 |     0.600174 |          0.603912 |         0.830743 |              0.838186 |
|      61 |     0.593768 |          0.599777 |         0.832283 |              0.840426 |
|      62 |     0.597644 |          0.602335 |         0.832983 |              0.840426 |
|      63 |     0.593789 |          0.599038 |         0.832563 |              0.839866 |
|      64 |     0.595299 |          0.606969 |         0.831163 |              0.836506 |
|      65 |     0.593955 |          0.602584 |         0.832283 |              0.838746 |
|      66 |     0.597318 |          0.599852 |         0.832843 |              0.842105 |
|      67 |     0.590968 |          0.595594 |         0.831863 |              0.837626 |
|      68 |     0.595971 |          0.601182 |         0.832003 |              0.837626 |
|      69 |     0.593209 |          0.608386 |         0.830743 |              0.843785 |
|      70 |     0.588733 |          0.603805 |         0.832843 |              0.836506 |
|      71 |     0.591264 |          0.601566 |         0.831163 |              0.838186 |
|      72 |     0.592929 |          0.595309 |         0.832423 |              0.840426 |
|      73 |     0.59224  |          0.595536 |         0.823604 |              0.830347 |
|      74 |     0.590046 |          0.599015 |         0.832983 |              0.840985 |
|      75 |     0.593849 |          0.6019   |         0.830463 |              0.838746 |
|      76 |     0.587218 |          0.604015 |         0.832423 |              0.835386 |
|      77 |     0.590111 |          0.602995 |         0.831723 |              0.835946 |
|      78 |     0.600489 |          0.595809 |         0.829903 |              0.838186 |
|      79 |     0.592968 |          0.593266 |         0.833123 |              0.840985 |
|      80 |     0.590589 |          0.601798 |         0.832143 |              0.835386 |
|      81 |     0.588815 |          0.592964 |         0.832563 |              0.840426 |
|      82 |     0.590028 |          0.601846 |         0.832983 |              0.840426 |
|      83 |     0.587171 |          0.599286 |         0.833403 |              0.839306 |
|      84 |     0.591362 |          0.602171 |         0.830463 |              0.838186 |
|      85 |     0.590044 |          0.612676 |         0.833683 |              0.837626 |
|      86 |     0.586895 |          0.598873 |         0.831863 |              0.838186 |
|      87 |     0.589664 |          0.595375 |         0.833823 |              0.839866 |
|      88 |     0.587898 |          0.611502 |         0.834103 |              0.839306 |
|      89 |     0.589429 |          0.600221 |         0.833263 |              0.839866 |
|      90 |     0.590815 |          0.602492 |         0.832563 |              0.839306 |
|      91 |     0.595953 |          0.6021   |         0.830463 |              0.835386 |
|      92 |     0.597365 |          0.600063 |         0.832283 |              0.837626 |
|      93 |     0.592173 |          0.60633  |         0.832563 |              0.837626 |
|      94 |     0.587052 |          0.603993 |         0.832843 |              0.839866 |
|      95 |     0.588109 |          0.606198 |         0.831163 |              0.834826 |
|      96 |     0.585028 |          0.60656  |         0.830183 |              0.840985 |
|      97 |     0.591377 |          0.603857 |         0.834103 |              0.839866 |
|      98 |     0.583499 |          0.596402 |         0.833683 |              0.840426 |
|      99 |     0.58633  |          0.60402  |         0.833963 |              0.837626 |
|     100 |     0.589586 |          0.599945 |         0.831583 |              0.839306 |

########## Model 6 ##########

Test Accuracy: 82.88247328938395


|   Epoch |   Train Loss |   Validation Loss |   Train Accuracy |   Validation Accuracy |
|---------|--------------|-------------------|------------------|-----------------------|
|       1 |     1.83411  |          1.4669   |         0.534229 |              0.547592 |
|       2 |     1.47037  |          1.40812  |         0.571189 |              0.576148 |
|       3 |     1.43279  |          1.37402  |         0.572309 |              0.577828 |
|       4 |     1.42037  |          1.36382  |         0.572729 |              0.574468 |
|       5 |     1.40999  |          1.36407  |         0.573709 |              0.576708 |
|       6 |     1.40005  |          1.39185  |         0.570629 |              0.574468 |
|       7 |     0.929209 |          0.726982 |         0.801344 |              0.81131  |
|       8 |     0.761553 |          0.712952 |         0.799104 |              0.81131  |
|       9 |     0.739063 |          0.700507 |         0.804284 |              0.815789 |
|      10 |     0.730919 |          0.700323 |         0.812404 |              0.823068 |
|      11 |     0.732476 |          0.701317 |         0.805404 |              0.819149 |
|      12 |     0.731243 |          0.694284 |         0.815624 |              0.830347 |
|      13 |     0.725408 |          0.681742 |         0.816044 |              0.825308 |
|      14 |     0.717878 |          0.678658 |         0.818004 |              0.829787 |
|      15 |     0.714666 |          0.699555 |         0.814504 |              0.823628 |
|      16 |     0.709619 |          0.674473 |         0.820244 |              0.832587 |
|      17 |     0.705459 |          0.667529 |         0.820664 |              0.830907 |
|      18 |     0.698919 |          0.666648 |         0.820944 |              0.828108 |
|      19 |     0.694255 |          0.668255 |         0.822344 |              0.835946 |
|      20 |     0.690483 |          0.672801 |         0.821924 |              0.826428 |
|      21 |     0.689915 |          0.690098 |         0.816324 |              0.823628 |
|      22 |     0.690311 |          0.667642 |         0.823884 |              0.834267 |
|      23 |     0.689286 |          0.662281 |         0.826263 |              0.834267 |
|      24 |     0.695663 |          0.676754 |         0.824304 |              0.834267 |
|      25 |     0.688454 |          0.65272  |         0.826963 |              0.837626 |
|      26 |     0.686053 |          0.662393 |         0.826123 |              0.834267 |
|      27 |     0.686922 |          0.662718 |         0.822624 |              0.831467 |
|      28 |     0.683666 |          0.662525 |         0.827243 |              0.833147 |
|      29 |     0.68381  |          0.662479 |         0.826823 |              0.833147 |
|      30 |     0.681185 |          0.66856  |         0.822484 |              0.830907 |
|      31 |     0.681929 |          0.659137 |         0.828783 |              0.837066 |
|      32 |     0.683614 |          0.663612 |         0.824724 |              0.831467 |
|      33 |     0.681038 |          0.65522  |         0.828643 |              0.839306 |
|      34 |     0.679505 |          0.657363 |         0.828083 |              0.837626 |
|      35 |     0.680851 |          0.653645 |         0.828643 |              0.838186 |
|      36 |     0.680566 |          0.656325 |         0.829623 |              0.840985 |
|      37 |     0.672147 |          0.653552 |         0.828643 |              0.837626 |
|      38 |     0.675765 |          0.654542 |         0.829763 |              0.839306 |
|      39 |     0.673596 |          0.657079 |         0.828223 |              0.836506 |
|      40 |     0.680731 |          0.652803 |         0.827383 |              0.838186 |
|      41 |     0.672976 |          0.656347 |         0.829203 |              0.840426 |
|      42 |     0.674565 |          0.656715 |         0.829623 |              0.842105 |
|      43 |     0.671144 |          0.652959 |         0.829203 |              0.837066 |
|      44 |     0.678369 |          0.660169 |         0.830603 |              0.842665 |
|      45 |     0.712319 |          0.65642  |         0.825703 |              0.839306 |
|      46 |     0.686746 |          0.663351 |         0.827243 |              0.840985 |
|      47 |     0.679219 |          0.650455 |         0.828923 |              0.840985 |
|      48 |     0.678941 |          0.649896 |         0.828503 |              0.838746 |
|      49 |     0.676722 |          0.657048 |         0.828923 |              0.841545 |
|      50 |     0.679057 |          0.650539 |         0.829203 |              0.838746 |
|      51 |     0.673597 |          0.655212 |         0.828923 |              0.837066 |
|      52 |     0.671682 |          0.656781 |         0.829343 |              0.837626 |
|      53 |     0.673398 |          0.650876 |         0.829903 |              0.842105 |
|      54 |     0.674724 |          0.652529 |         0.830883 |              0.840426 |
|      55 |     0.66762  |          0.653457 |         0.829903 |              0.838746 |
|      56 |     0.670977 |          0.653528 |         0.830183 |              0.840985 |
|      57 |     0.675102 |          0.649561 |         0.828223 |              0.841545 |
|      58 |     0.675543 |          0.653005 |         0.828083 |              0.839306 |
|      59 |     0.670913 |          0.648951 |         0.828223 |              0.840985 |
|      60 |     0.672449 |          0.648533 |         0.829763 |              0.838186 |
|      61 |     0.668384 |          0.652348 |         0.830743 |              0.840985 |
|      62 |     0.669356 |          0.653338 |         0.830323 |              0.840985 |
|      63 |     0.669157 |          0.653331 |         0.826543 |              0.838746 |
|      64 |     0.677464 |          0.645251 |         0.830323 |              0.841545 |
|      65 |     0.671142 |          0.651581 |         0.830323 |              0.841545 |
|      66 |     0.667082 |          0.652784 |         0.827523 |              0.838186 |
|      67 |     0.669655 |          0.653012 |         0.829623 |              0.838186 |
|      68 |     0.666082 |          0.650965 |         0.830883 |              0.840985 |
|      69 |     0.669203 |          0.649966 |         0.830323 |              0.838746 |
|      70 |     0.665633 |          0.649817 |         0.830043 |              0.842105 |
|      71 |     0.665675 |          0.646624 |         0.830743 |              0.841545 |
|      72 |     0.670355 |          0.647481 |         0.831163 |              0.842105 |
|      73 |     0.663131 |          0.651376 |         0.830183 |              0.838186 |
|      74 |     0.666491 |          0.650083 |         0.828643 |              0.840426 |
|      75 |     0.664446 |          0.65419  |         0.830883 |              0.841545 |
|      76 |     0.665475 |          0.648765 |         0.830743 |              0.841545 |
|      77 |     0.664495 |          0.654538 |         0.829763 |              0.841545 |
|      78 |     0.662138 |          0.651321 |         0.830743 |              0.840985 |
|      79 |     0.664245 |          0.652853 |         0.831443 |              0.840985 |
|      80 |     0.665195 |          0.650059 |         0.831163 |              0.841545 |
|      81 |     0.669087 |          0.651226 |         0.829763 |              0.838186 |
|      82 |     0.663457 |          0.647044 |         0.829763 |              0.836506 |
|      83 |     0.665591 |          0.650591 |         0.830463 |              0.838746 |
|      84 |     0.660214 |          0.651581 |         0.831443 |              0.841545 |
|      85 |     0.660375 |          0.655759 |         0.831163 |              0.840985 |
|      86 |     0.665996 |          0.659817 |         0.829763 |              0.838746 |
|      87 |     0.666757 |          0.662983 |         0.828083 |              0.837626 |
|      88 |     0.666308 |          0.654008 |         0.830743 |              0.838746 |
|      89 |     0.661916 |          0.657134 |         0.831723 |              0.841545 |
|      90 |     0.663616 |          0.652566 |         0.831583 |              0.841545 |
|      91 |     0.659785 |          0.650044 |         0.830603 |              0.837626 |
|      92 |     0.659403 |          0.652894 |         0.831863 |              0.840426 |
|      93 |     0.657353 |          0.652216 |         0.831163 |              0.840985 |
|      94 |     0.655403 |          0.655785 |         0.831443 |              0.840985 |
|      95 |     0.662025 |          0.668989 |         0.828223 |              0.835946 |
|      96 |     0.658655 |          0.662196 |         0.831583 |              0.839866 |
|      97 |     0.662545 |          0.659427 |         0.831723 |              0.841545 |
|      98 |     0.661324 |          0.654745 |         0.832003 |              0.840426 |
|      99 |     0.65971  |          0.653225 |         0.831583 |              0.842105 |
|     100 |     0.658634 |          0.654884 |         0.830883 |              0.840426 |

########## Model 7 ##########

Test Accuracy: 82.8370084110025


|   Epoch |   Train Loss |   Validation Loss |   Train Accuracy |   Validation Accuracy |
|---------|--------------|-------------------|------------------|-----------------------|
|       1 |     1.27823  |          0.829833 |         0.726865 |              0.7514   |
|       2 |     0.789723 |          0.703366 |         0.778664 |              0.799552 |
|       3 |     0.712189 |          0.675642 |         0.802184 |              0.817469 |
|       4 |     0.690274 |          0.663467 |         0.797844 |              0.81467  |
|       5 |     0.684945 |          0.673878 |         0.801484 |              0.81075  |
|       6 |     0.672871 |          0.649407 |         0.809884 |              0.820829 |
|       7 |     0.673118 |          0.636276 |         0.811844 |              0.824748 |
|       8 |     0.65859  |          0.63859  |         0.814644 |              0.828108 |
|       9 |     0.652769 |          0.629844 |         0.816184 |              0.828667 |
|      10 |     0.660373 |          0.669343 |         0.812684 |              0.823068 |
|      11 |     0.64839  |          0.657822 |         0.812824 |              0.821389 |
|      12 |     0.650132 |          0.636717 |         0.819404 |              0.829787 |
|      13 |     0.637883 |          0.618911 |         0.821644 |              0.833147 |
|      14 |     0.694484 |          0.684093 |         0.794204 |              0.804591 |
|      15 |     0.669863 |          0.637162 |         0.816604 |              0.825308 |
|      16 |     0.654972 |          0.622637 |         0.816884 |              0.829227 |
|      17 |     0.640625 |          0.629716 |         0.814644 |              0.826988 |
|      18 |     0.637766 |          0.617063 |         0.815204 |              0.827548 |
|      19 |     0.641702 |          0.605076 |         0.819964 |              0.833707 |
|      20 |     0.641303 |          0.624973 |         0.818844 |              0.830907 |
|      21 |     0.634248 |          0.614124 |         0.818424 |              0.829227 |
|      22 |     0.627821 |          0.625411 |         0.820244 |              0.829227 |
|      23 |     0.621946 |          0.6126   |         0.819824 |              0.831467 |
|      24 |     0.622262 |          0.607    |         0.821224 |              0.834267 |
|      25 |     0.626869 |          0.6125   |         0.821224 |              0.834826 |
|      26 |     0.621252 |          0.60296  |         0.821224 |              0.832027 |
|      27 |     0.616067 |          0.60859  |         0.822624 |              0.833147 |
|      28 |     0.615593 |          0.600861 |         0.821084 |              0.828667 |
|      29 |     0.612075 |          0.609357 |         0.828643 |              0.838746 |
|      30 |     0.617384 |          0.628143 |         0.824024 |              0.833707 |
|      31 |     0.616777 |          0.608933 |         0.828083 |              0.837626 |
|      32 |     0.616779 |          0.611069 |         0.831303 |              0.842105 |
|      33 |     0.61432  |          0.604755 |         0.828923 |              0.835386 |
|      34 |     0.608676 |          0.601733 |         0.831303 |              0.842105 |
|      35 |     0.609878 |          0.608653 |         0.829343 |              0.835386 |
|      36 |     0.603277 |          0.604699 |         0.830463 |              0.842665 |
|      37 |     0.613473 |          0.610528 |         0.829763 |              0.842665 |
|      38 |     0.61338  |          0.610827 |         0.829763 |              0.843225 |
|      39 |     0.607442 |          0.609162 |         0.829343 |              0.839306 |
|      40 |     0.609663 |          0.594296 |         0.830463 |              0.839866 |
|      41 |     0.606158 |          0.596203 |         0.832003 |              0.843225 |
|      42 |     0.600742 |          0.604611 |         0.831443 |              0.842665 |
|      43 |     0.606301 |          0.596694 |         0.830743 |              0.842105 |
|      44 |     0.605742 |          0.604785 |         0.831023 |              0.842105 |
|      45 |     0.607628 |          0.595131 |         0.831443 |              0.842665 |
|      46 |     0.604874 |          0.595718 |         0.831163 |              0.840426 |
|      47 |     0.60823  |          0.612784 |         0.829903 |              0.839866 |
|      48 |     0.604719 |          0.599585 |         0.830743 |              0.839866 |
|      49 |     0.60317  |          0.604838 |         0.830183 |              0.839306 |
|      50 |     0.600003 |          0.6031   |         0.831583 |              0.843785 |
|      51 |     0.601738 |          0.601013 |         0.831303 |              0.841545 |
|      52 |     0.602537 |          0.602945 |         0.830743 |              0.840985 |
|      53 |     0.606503 |          0.618898 |         0.829623 |              0.837066 |
|      54 |     0.606404 |          0.607438 |         0.830323 |              0.840985 |
|      55 |     0.608213 |          0.602553 |         0.829903 |              0.839306 |
|      56 |     0.605871 |          0.605772 |         0.830043 |              0.840426 |
|      57 |     0.602097 |          0.613081 |         0.829063 |              0.838746 |
|      58 |     0.606621 |          0.602573 |         0.830743 |              0.843785 |
|      59 |     0.601082 |          0.607633 |         0.830883 |              0.838746 |
|      60 |     0.600597 |          0.603451 |         0.831303 |              0.837626 |
|      61 |     0.600956 |          0.614025 |         0.829903 |              0.841545 |
|      62 |     0.600866 |          0.597714 |         0.832143 |              0.841545 |
|      63 |     0.598846 |          0.612437 |         0.831723 |              0.842105 |
|      64 |     0.598196 |          0.597518 |         0.830603 |              0.842105 |
|      65 |     0.604289 |          0.611387 |         0.829763 |              0.842105 |
|      66 |     0.600172 |          0.604053 |         0.830883 |              0.838186 |
|      67 |     0.600658 |          0.602671 |         0.830743 |              0.842105 |
|      68 |     0.600722 |          0.608779 |         0.831163 |              0.839306 |
|      69 |     0.598715 |          0.6014   |         0.829763 |              0.837626 |
|      70 |     0.596363 |          0.605552 |         0.832143 |              0.840426 |
|      71 |     0.596838 |          0.598578 |         0.830603 |              0.841545 |
|      72 |     0.605861 |          0.601383 |         0.830323 |              0.839866 |
|      73 |     0.604364 |          0.60132  |         0.830743 |              0.841545 |
|      74 |     0.599604 |          0.604296 |         0.826823 |              0.840985 |
|      75 |     0.603346 |          0.59949  |         0.832423 |              0.843225 |
|      76 |     0.595394 |          0.609112 |         0.832143 |              0.841545 |
|      77 |     0.600192 |          0.602423 |         0.831863 |              0.842105 |
|      78 |     0.596658 |          0.606496 |         0.832283 |              0.842105 |
|      79 |     0.59773  |          0.60297  |         0.831303 |              0.839306 |
|      80 |     0.597481 |          0.601663 |         0.832423 |              0.842665 |
|      81 |     0.5964   |          0.603834 |         0.830743 |              0.839866 |
|      82 |     0.600243 |          0.603901 |         0.831583 |              0.842665 |
|      83 |     0.599792 |          0.606054 |         0.830043 |              0.835386 |
|      84 |     0.597948 |          0.608823 |         0.830603 |              0.839866 |
|      85 |     0.598969 |          0.608626 |         0.830603 |              0.839306 |
|      86 |     0.596755 |          0.605857 |         0.831163 |              0.838746 |
|      87 |     0.597907 |          0.616034 |         0.829903 |              0.838186 |
|      88 |     0.603255 |          0.608692 |         0.831303 |              0.843225 |
|      89 |     0.595873 |          0.602042 |         0.832563 |              0.840985 |
|      90 |     0.596387 |          0.611415 |         0.832003 |              0.839866 |
|      91 |     0.594837 |          0.603542 |         0.832283 |              0.841545 |
|      92 |     0.593332 |          0.602888 |         0.833263 |              0.843785 |
|      93 |     0.594767 |          0.616727 |         0.830743 |              0.837066 |
|      94 |     0.59056  |          0.610592 |         0.832563 |              0.837066 |
|      95 |     0.589799 |          0.605784 |         0.832703 |              0.841545 |
|      96 |     0.590986 |          0.610164 |         0.831163 |              0.842665 |
|      97 |     0.595106 |          0.607471 |         0.831863 |              0.839866 |
|      98 |     0.59313  |          0.612792 |         0.832143 |              0.839306 |
|      99 |     0.591177 |          0.608606 |         0.831303 |              0.837626 |
|     100 |     0.58847  |          0.609074 |         0.832843 |              0.841545 |

########## Model 8 ##########

Test Accuracy: 82.90520572857467


|   Epoch |   Train Loss |   Validation Loss |   Train Accuracy |   Validation Accuracy |
|---------|--------------|-------------------|------------------|-----------------------|
|       1 |     1.43318  |          0.858039 |         0.772645 |              0.791153 |
|       2 |     0.812715 |          0.722331 |         0.801484 |              0.81467  |
|       3 |     0.749233 |          0.703783 |         0.806384 |              0.817469 |
|       4 |     0.719919 |          0.673484 |         0.819264 |              0.830347 |
|       5 |     0.696574 |          0.655611 |         0.827663 |              0.840985 |
|       6 |     0.684963 |          0.649333 |         0.828363 |              0.838746 |
|       7 |     0.682728 |          0.667699 |         0.827663 |              0.839866 |
|       8 |     0.681516 |          0.650803 |         0.829343 |              0.841545 |
|       9 |     0.680819 |          0.660778 |         0.828923 |              0.838186 |
|      10 |     0.674707 |          0.650003 |         0.827523 |              0.838746 |
|      11 |     0.677849 |          0.651545 |         0.830043 |              0.837626 |
|      12 |     0.672381 |          0.667684 |         0.829763 |              0.839866 |
|      13 |     0.672772 |          0.653473 |         0.829763 |              0.838186 |
|      14 |     0.668219 |          0.666467 |         0.831443 |              0.840985 |
|      15 |     0.670226 |          0.64874  |         0.830883 |              0.842665 |
|      16 |     0.668659 |          0.653179 |         0.830183 |              0.838186 |
|      17 |     0.672822 |          0.650117 |         0.829063 |              0.840426 |
|      18 |     0.668497 |          0.64996  |         0.831443 |              0.842665 |
|      19 |     0.67035  |          0.656157 |         0.831443 |              0.843225 |
|      20 |     0.666046 |          0.644973 |         0.831583 |              0.842105 |
|      21 |     0.665851 |          0.654017 |         0.831163 |              0.839306 |
|      22 |     0.667401 |          0.65112  |         0.831863 |              0.843785 |
|      23 |     0.663629 |          0.650033 |         0.830883 |              0.838746 |
|      24 |     0.66492  |          0.653063 |         0.831023 |              0.839306 |
|      25 |     0.668144 |          0.64911  |         0.831023 |              0.839866 |
|      26 |     0.667271 |          0.64858  |         0.831163 |              0.839306 |
|      27 |     0.662094 |          0.663485 |         0.831023 |              0.841545 |
|      28 |     0.633666 |          0.542379 |         0.831443 |              0.838186 |
|      29 |     0.532179 |          0.531369 |         0.832423 |              0.843225 |
|      30 |     0.526665 |          0.534043 |         0.832703 |              0.842105 |
|      31 |     0.527865 |          0.542517 |         0.832423 |              0.840985 |
|      32 |     0.524813 |          0.538102 |         0.832563 |              0.840426 |
|      33 |     0.518208 |          0.533771 |         0.831163 |              0.839306 |
|      34 |     0.522384 |          0.538211 |         0.832983 |              0.842105 |
|      35 |     0.521772 |          0.533542 |         0.831023 |              0.840426 |
|      36 |     0.517937 |          0.534882 |         0.831023 |              0.839866 |
|      37 |     0.518836 |          0.537046 |         0.832283 |              0.838746 |
|      38 |     0.516616 |          0.530336 |         0.832283 |              0.838746 |
|      39 |     0.518983 |          0.529021 |         0.832703 |              0.841545 |
|      40 |     0.514845 |          0.532817 |         0.833263 |              0.841545 |
|      41 |     0.515994 |          0.531302 |         0.830883 |              0.840985 |
|      42 |     0.515845 |          0.53037  |         0.833263 |              0.841545 |
|      43 |     0.513708 |          0.528017 |         0.833403 |              0.842105 |
|      44 |     0.512979 |          0.536408 |         0.831023 |              0.840426 |
|      45 |     0.516423 |          0.527706 |         0.831443 |              0.838746 |
|      46 |     0.514601 |          0.530259 |         0.833263 |              0.842665 |
|      47 |     0.514281 |          0.544107 |         0.832703 |              0.841545 |
|      48 |     0.515576 |          0.535308 |         0.832983 |              0.841545 |
|      49 |     0.517472 |          0.52707  |         0.833263 |              0.842105 |
|      50 |     0.511964 |          0.532299 |         0.832283 |              0.838746 |
|      51 |     0.513055 |          0.52483  |         0.832563 |              0.838746 |
|      52 |     0.511679 |          0.528783 |         0.833543 |              0.842105 |
|      53 |     0.509295 |          0.532643 |         0.833123 |              0.841545 |
|      54 |     0.511625 |          0.530464 |         0.832703 |              0.842665 |
|      55 |     0.510035 |          0.532223 |         0.831443 |              0.837626 |
|      56 |     0.513061 |          0.52859  |         0.833263 |              0.841545 |
|      57 |     0.508972 |          0.531807 |         0.833403 |              0.841545 |
|      58 |     0.512397 |          0.532868 |         0.833543 |              0.840426 |
|      59 |     0.508167 |          0.531332 |         0.833543 |              0.841545 |
|      60 |     0.509126 |          0.526589 |         0.833263 |              0.840985 |
|      61 |     0.509836 |          0.533072 |         0.833823 |              0.841545 |
|      62 |     0.507537 |          0.52611  |         0.832283 |              0.838746 |
|      63 |     0.507513 |          0.534553 |         0.832843 |              0.838746 |
|      64 |     0.508087 |          0.524853 |         0.833963 |              0.842665 |
|      65 |     0.505606 |          0.528469 |         0.831583 |              0.840426 |
|      66 |     0.509161 |          0.525    |         0.833823 |              0.842105 |
|      67 |     0.509122 |          0.533489 |         0.833123 |              0.838746 |
|      68 |     0.507708 |          0.527269 |         0.834103 |              0.840426 |
|      69 |     0.509371 |          0.522694 |         0.833823 |              0.841545 |
|      70 |     0.510962 |          0.53017  |         0.832843 |              0.838186 |
|      71 |     0.507877 |          0.529414 |         0.832423 |              0.838186 |
|      72 |     0.509753 |          0.523038 |         0.833543 |              0.841545 |
|      73 |     0.50938  |          0.525033 |         0.833683 |              0.840985 |
|      74 |     0.505176 |          0.529249 |         0.832703 |              0.839306 |
|      75 |     0.504315 |          0.534509 |         0.833123 |              0.838746 |
|      76 |     0.505573 |          0.530025 |         0.832703 |              0.839306 |
|      77 |     0.504653 |          0.532655 |         0.833683 |              0.840985 |
|      78 |     0.506553 |          0.531364 |         0.834103 |              0.840426 |
|      79 |     0.505355 |          0.528607 |         0.832983 |              0.837626 |
|      80 |     0.505655 |          0.522757 |         0.833123 |              0.838186 |
|      81 |     0.507931 |          0.527747 |         0.833123 |              0.839866 |
|      82 |     0.505605 |          0.525686 |         0.834103 |              0.842105 |
|      83 |     0.506753 |          0.533092 |         0.833963 |              0.840985 |
|      84 |     0.505307 |          0.529924 |         0.833963 |              0.839866 |
|      85 |     0.504889 |          0.534611 |         0.834383 |              0.841545 |
|      86 |     0.503631 |          0.52623  |         0.833543 |              0.837626 |
|      87 |     0.504841 |          0.523214 |         0.833263 |              0.839306 |
|      88 |     0.502213 |          0.528099 |         0.834663 |              0.842105 |
|      89 |     0.503318 |          0.528669 |         0.833543 |              0.838186 |
|      90 |     0.505644 |          0.527311 |         0.832983 |              0.838186 |
|      91 |     0.502761 |          0.52938  |         0.833403 |              0.839866 |
|      92 |     0.505446 |          0.534137 |         0.833683 |              0.837626 |
|      93 |     0.504712 |          0.529174 |         0.833823 |              0.838186 |
|      94 |     0.50633  |          0.527989 |         0.833543 |              0.842105 |
|      95 |     0.504485 |          0.532964 |         0.833823 |              0.839306 |
|      96 |     0.502638 |          0.531182 |         0.833963 |              0.842105 |
|      97 |     0.502789 |          0.533808 |         0.832423 |              0.835946 |
|      98 |     0.502845 |          0.538809 |         0.832283 |              0.837066 |
|      99 |     0.506426 |          0.522983 |         0.834523 |              0.842105 |
|     100 |     0.504697 |          0.531369 |         0.834803 |              0.842105 |

########## Model 9 ##########

Test Accuracy: 82.90520572857467


|   Epoch |   Train Loss |   Validation Loss |   Train Accuracy |   Validation Accuracy |
|---------|--------------|-------------------|------------------|-----------------------|
|       1 |     1.73635  |          1.04233  |         0.744645 |              0.767637 |
|       2 |     1.00152  |          0.852424 |         0.782444 |              0.796193 |
|       3 |     0.918387 |          0.84014  |         0.786224 |              0.802912 |
|       4 |     0.881069 |          0.791571 |         0.787204 |              0.807391 |
|       5 |     0.846007 |          0.813267 |         0.797564 |              0.81523  |
|       6 |     0.830845 |          0.765868 |         0.805684 |              0.821948 |
|       7 |     0.806816 |          0.75587  |         0.811284 |              0.822508 |
|       8 |     0.799169 |          0.757161 |         0.806944 |              0.819149 |
|       9 |     0.78842  |          0.74953  |         0.813104 |              0.824748 |
|      10 |     0.783393 |          0.759218 |         0.810724 |              0.820829 |
|      11 |     0.778673 |          0.743616 |         0.816604 |              0.828667 |
|      12 |     0.773137 |          0.734153 |         0.818284 |              0.829227 |
|      13 |     0.767217 |          0.7309   |         0.819264 |              0.828667 |
|      14 |     0.765161 |          0.745319 |         0.815204 |              0.823068 |
|      15 |     0.764331 |          0.737995 |         0.818564 |              0.828667 |
|      16 |     0.758612 |          0.730038 |         0.820524 |              0.829227 |
|      17 |     0.76223  |          0.759467 |         0.822064 |              0.832027 |
|      18 |     0.755916 |          0.73734  |         0.819404 |              0.830907 |
|      19 |     0.769438 |          0.733375 |         0.817024 |              0.825308 |
|      20 |     0.755373 |          0.723705 |         0.822064 |              0.832027 |
|      21 |     0.750736 |          0.72297  |         0.822904 |              0.831467 |
|      22 |     0.74969  |          0.730335 |         0.817724 |              0.826428 |
|      23 |     0.750454 |          0.730773 |         0.828223 |              0.835946 |
|      24 |     0.755024 |          0.728411 |         0.822484 |              0.832027 |
|      25 |     0.748605 |          0.727728 |         0.823184 |              0.832027 |
|      26 |     0.743095 |          0.723678 |         0.830323 |              0.838746 |
|      27 |     0.76535  |          0.728507 |         0.820804 |              0.828108 |
|      28 |     0.764359 |          0.724227 |         0.820244 |              0.825308 |
|      29 |     0.750639 |          0.728963 |         0.821784 |              0.828667 |
|      30 |     0.744925 |          0.727305 |         0.820244 |              0.827548 |
|      31 |     0.746482 |          0.724322 |         0.823184 |              0.832027 |
|      32 |     0.743909 |          0.723627 |         0.821644 |              0.829227 |
|      33 |     0.756341 |          0.730441 |         0.818984 |              0.825868 |
|      34 |     0.759855 |          0.749197 |         0.816044 |              0.823068 |
|      35 |     0.755881 |          0.727725 |         0.822204 |              0.832027 |
|      36 |     0.746313 |          0.738046 |         0.822624 |              0.832587 |
|      37 |     0.743565 |          0.742355 |         0.822204 |              0.832587 |
|      38 |     0.743551 |          0.740063 |         0.817584 |              0.823068 |
|      39 |     0.745096 |          0.727172 |         0.822624 |              0.832027 |
|      40 |     0.744166 |          0.729626 |         0.822904 |              0.831467 |
|      41 |     0.738151 |          0.728037 |         0.822064 |              0.829227 |
|      42 |     0.743945 |          0.723518 |         0.823324 |              0.832587 |
|      43 |     0.743689 |          0.725245 |         0.823184 |              0.832027 |
|      44 |     0.715695 |          0.639773 |         0.823184 |              0.831467 |
|      45 |     0.623004 |          0.629343 |         0.823464 |              0.828667 |
|      46 |     0.612661 |          0.625406 |         0.823044 |              0.828108 |
|      47 |     0.610161 |          0.615687 |         0.823044 |              0.830907 |
|      48 |     0.608593 |          0.619529 |         0.824024 |              0.830347 |
|      49 |     0.609697 |          0.626544 |         0.830743 |              0.834826 |
|      50 |     0.602969 |          0.608874 |         0.830743 |              0.838186 |
|      51 |     0.603979 |          0.639178 |         0.824164 |              0.831467 |
|      52 |     0.600141 |          0.619728 |         0.830743 |              0.835386 |
|      53 |     0.599462 |          0.618842 |         0.824584 |              0.830907 |
|      54 |     0.603304 |          0.61208  |         0.824164 |              0.827548 |
|      55 |     0.600707 |          0.615496 |         0.823884 |              0.826988 |
|      56 |     0.600056 |          0.61565  |         0.824864 |              0.831467 |
|      57 |     0.596562 |          0.619952 |         0.825003 |              0.831467 |
|      58 |     0.600782 |          0.617475 |         0.824024 |              0.832587 |
|      59 |     0.600017 |          0.612571 |         0.831863 |              0.834826 |
|      60 |     0.596406 |          0.61779  |         0.833263 |              0.839866 |
|      61 |     0.601105 |          0.618149 |         0.823464 |              0.826428 |
|      62 |     0.597602 |          0.612469 |         0.831023 |              0.833707 |
|      63 |     0.600018 |          0.608039 |         0.833263 |              0.839306 |
|      64 |     0.595811 |          0.610679 |         0.825423 |              0.831467 |
|      65 |     0.59249  |          0.612958 |         0.832003 |              0.834267 |
|      66 |     0.596065 |          0.611692 |         0.832423 |              0.835946 |
|      67 |     0.602231 |          0.609459 |         0.830323 |              0.839306 |
|      68 |     0.596026 |          0.615591 |         0.830323 |              0.834826 |
|      69 |     0.59184  |          0.618995 |         0.825843 |              0.831467 |
|      70 |     0.605119 |          0.604949 |         0.829903 |              0.835946 |
|      71 |     0.599535 |          0.607056 |         0.831303 |              0.838186 |
|      72 |     0.604116 |          0.607106 |         0.829903 |              0.839866 |
|      73 |     0.604773 |          0.608201 |         0.831583 |              0.838746 |
|      74 |     0.601441 |          0.60846  |         0.824024 |              0.829227 |
|      75 |     0.593408 |          0.61949  |         0.831863 |              0.837066 |
|      76 |     0.595205 |          0.627124 |         0.825283 |              0.827548 |
|      77 |     0.597518 |          0.623296 |         0.833263 |              0.839306 |
|      78 |     0.597665 |          0.610632 |         0.833543 |              0.839306 |
|      79 |     0.591694 |          0.613475 |         0.833683 |              0.838746 |
|      80 |     0.592388 |          0.611437 |         0.832983 |              0.835946 |
|      81 |     0.593226 |          0.617384 |         0.833683 |              0.838186 |
|      82 |     0.590636 |          0.612984 |         0.832843 |              0.835386 |
|      83 |     0.596652 |          0.60628  |         0.832843 |              0.840426 |
|      84 |     0.601563 |          0.614092 |         0.832843 |              0.838186 |
|      85 |     0.601477 |          0.609292 |         0.831863 |              0.837066 |
|      86 |     0.603589 |          0.60308  |         0.831443 |              0.835946 |
|      87 |     0.596421 |          0.610648 |         0.832143 |              0.835386 |
|      88 |     0.590946 |          0.618513 |         0.832143 |              0.835946 |
|      89 |     0.591956 |          0.609562 |         0.833823 |              0.838746 |
|      90 |     0.591193 |          0.604903 |         0.832563 |              0.837626 |
|      91 |     0.592374 |          0.614122 |         0.832843 |              0.834826 |
|      92 |     0.589534 |          0.619692 |         0.833123 |              0.837066 |
|      93 |     0.591702 |          0.617824 |         0.832563 |              0.836506 |
|      94 |     0.590798 |          0.614628 |         0.832983 |              0.838746 |
|      95 |     0.593396 |          0.605029 |         0.833263 |              0.838186 |
|      96 |     0.59058  |          0.616241 |         0.833683 |              0.838746 |
|      97 |     0.592687 |          0.607548 |         0.833403 |              0.839306 |
|      98 |     0.589899 |          0.612111 |         0.832843 |              0.835386 |
|      99 |     0.590249 |          0.607068 |         0.833123 |              0.835386 |
|     100 |     0.590039 |          0.623694 |         0.831303 |              0.833147 |

########## Model 10 ##########

Test Accuracy: 83.22345987724484


|   Epoch |   Train Loss |   Validation Loss |   Train Accuracy |   Validation Accuracy |
|---------|--------------|-------------------|------------------|-----------------------|
|       1 |     1.56268  |          0.778246 |         0.751925 |              0.776596 |
|       2 |     0.801289 |          0.704372 |         0.791544 |              0.807951 |
|       3 |     0.726553 |          0.687053 |         0.800784 |              0.81243  |
|       4 |     0.701407 |          0.667049 |         0.800644 |              0.81355  |
|       5 |     0.691129 |          0.675821 |         0.800784 |              0.81187  |
|       6 |     0.682627 |          0.707099 |         0.794904 |              0.807951 |
|       7 |     0.68057  |          0.653035 |         0.803164 |              0.81467  |
|       8 |     0.664702 |          0.651463 |         0.800924 |              0.81467  |
|       9 |     0.670894 |          0.641261 |         0.807364 |              0.819709 |
|      10 |     0.656231 |          0.639018 |         0.809184 |              0.821948 |
|      11 |     0.658171 |          0.657156 |         0.807504 |              0.816349 |
|      12 |     0.656238 |          0.641787 |         0.809744 |              0.824748 |
|      13 |     0.648611 |          0.635035 |         0.817164 |              0.823068 |
|      14 |     0.645837 |          0.627302 |         0.817024 |              0.827548 |
|      15 |     0.637645 |          0.621432 |         0.817724 |              0.828108 |
|      16 |     0.637903 |          0.629843 |         0.818564 |              0.824748 |
|      17 |     0.637248 |          0.621524 |         0.818424 |              0.826988 |
|      18 |     0.634938 |          0.635912 |         0.815904 |              0.822508 |
|      19 |     0.627512 |          0.61567  |         0.820944 |              0.829787 |
|      20 |     0.629359 |          0.625356 |         0.819964 |              0.828667 |
|      21 |     0.630125 |          0.631449 |         0.821364 |              0.825308 |
|      22 |     0.619853 |          0.616402 |         0.821224 |              0.833147 |
|      23 |     0.625104 |          0.62561  |         0.822764 |              0.833707 |
|      24 |     0.625664 |          0.615236 |         0.820664 |              0.830907 |
|      25 |     0.620899 |          0.63103  |         0.820944 |              0.829227 |
|      26 |     0.615609 |          0.614882 |         0.821224 |              0.829787 |
|      27 |     0.615392 |          0.624103 |         0.820524 |              0.826428 |
|      28 |     0.613879 |          0.619908 |         0.817584 |              0.827548 |
|      29 |     0.613736 |          0.616027 |         0.823744 |              0.832587 |
|      30 |     0.614908 |          0.613342 |         0.820664 |              0.828108 |
|      31 |     0.615164 |          0.602663 |         0.822344 |              0.830907 |
|      32 |     0.608949 |          0.611029 |         0.823184 |              0.833147 |
|      33 |     0.610275 |          0.611533 |         0.821224 |              0.829787 |
|      34 |     0.610691 |          0.613401 |         0.823324 |              0.829227 |
|      35 |     0.609696 |          0.616878 |         0.820104 |              0.829787 |
|      36 |     0.610211 |          0.622159 |         0.822344 |              0.830907 |
|      37 |     0.606253 |          0.609134 |         0.823604 |              0.830907 |
|      38 |     0.604165 |          0.602613 |         0.823604 |              0.834826 |
|      39 |     0.607325 |          0.617459 |         0.820804 |              0.830347 |
|      40 |     0.606653 |          0.605519 |         0.825003 |              0.834267 |
|      41 |     0.603485 |          0.606479 |         0.819964 |              0.825868 |
|      42 |     0.607661 |          0.599747 |         0.823604 |              0.830907 |
|      43 |     0.603268 |          0.60912  |         0.825143 |              0.833707 |
|      44 |     0.604858 |          0.611624 |         0.825003 |              0.833707 |
|      45 |     0.60321  |          0.604309 |         0.823744 |              0.830347 |
|      46 |     0.60146  |          0.607207 |         0.824864 |              0.834267 |
|      47 |     0.602705 |          0.603332 |         0.831163 |              0.837626 |
|      48 |     0.605232 |          0.608494 |         0.825283 |              0.834826 |
|      49 |     0.601811 |          0.612491 |         0.825843 |              0.834826 |
|      50 |     0.6031   |          0.610918 |         0.823324 |              0.833147 |
|      51 |     0.608107 |          0.608302 |         0.825283 |              0.833707 |
|      52 |     0.608451 |          0.614403 |         0.824584 |              0.832027 |
|      53 |     0.601178 |          0.606868 |         0.824304 |              0.834826 |
|      54 |     0.577539 |          0.548893 |         0.833263 |              0.841545 |
|      55 |     0.538429 |          0.538038 |         0.831583 |              0.841545 |
|      56 |     0.531056 |          0.528608 |         0.832843 |              0.840985 |
|      57 |     0.529646 |          0.541167 |         0.832703 |              0.840426 |
|      58 |     0.524447 |          0.543811 |         0.832703 |              0.841545 |
|      59 |     0.522644 |          0.542186 |         0.829343 |              0.835386 |
|      60 |     0.521445 |          0.533086 |         0.831583 |              0.841545 |
|      61 |     0.524664 |          0.535507 |         0.832423 |              0.840426 |
|      62 |     0.521701 |          0.543127 |         0.832283 |              0.838746 |
|      63 |     0.520615 |          0.539823 |         0.830883 |              0.838746 |
|      64 |     0.521591 |          0.531697 |         0.833123 |              0.840426 |
|      65 |     0.520002 |          0.544654 |         0.831443 |              0.842105 |
|      66 |     0.523044 |          0.534863 |         0.832563 |              0.838746 |
|      67 |     0.527493 |          0.531088 |         0.831723 |              0.842665 |
|      68 |     0.521121 |          0.544242 |         0.830883 |              0.839306 |
|      69 |     0.518555 |          0.53258  |         0.831723 |              0.840426 |
|      70 |     0.518476 |          0.544539 |         0.832143 |              0.838186 |
|      71 |     0.519104 |          0.534852 |         0.833263 |              0.840985 |
|      72 |     0.520263 |          0.545839 |         0.832283 |              0.840985 |
|      73 |     0.526104 |          0.556357 |         0.828643 |              0.837066 |
|      74 |     0.522076 |          0.543309 |         0.832423 |              0.837626 |
|      75 |     0.517774 |          0.545886 |         0.832003 |              0.838746 |
|      76 |     0.520496 |          0.541605 |         0.833263 |              0.841545 |
|      77 |     0.516419 |          0.540965 |         0.833543 |              0.842105 |
|      78 |     0.518656 |          0.539839 |         0.832283 |              0.839306 |
|      79 |     0.515977 |          0.537924 |         0.832423 |              0.840985 |
|      80 |     0.5172   |          0.53772  |         0.831863 |              0.839306 |
|      81 |     0.515872 |          0.532064 |         0.833263 |              0.840985 |
|      82 |     0.5163   |          0.542279 |         0.833403 |              0.840426 |
|      83 |     0.519679 |          0.551269 |         0.829623 |              0.836506 |
|      84 |     0.52067  |          0.540337 |         0.831443 |              0.837066 |
|      85 |     0.514163 |          0.548695 |         0.832563 |              0.840426 |
|      86 |     0.515307 |          0.541573 |         0.832563 |              0.837626 |
|      87 |     0.520377 |          0.548901 |         0.829623 |              0.836506 |
|      88 |     0.519602 |          0.546069 |         0.832423 |              0.836506 |
|      89 |     0.513907 |          0.544553 |         0.832703 |              0.835946 |
|      90 |     0.513888 |          0.547572 |         0.832563 |              0.836506 |
|      91 |     0.52218  |          0.537317 |         0.833823 |              0.840985 |
|      92 |     0.516154 |          0.540797 |         0.831863 |              0.836506 |
|      93 |     0.514695 |          0.546505 |         0.832283 |              0.840426 |
|      94 |     0.527707 |          0.543713 |         0.832283 |              0.836506 |
|      95 |     0.520413 |          0.535572 |         0.833123 |              0.839866 |
|      96 |     0.512296 |          0.546065 |         0.830183 |              0.838186 |
|      97 |     0.519463 |          0.541777 |         0.832983 |              0.840426 |
|      98 |     0.51487  |          0.538208 |         0.832423 |              0.839306 |
|      99 |     0.51656  |          0.547089 |         0.832423 |              0.838186 |
|     100 |     0.515659 |          0.536974 |         0.832983 |              0.838186 |

