Number of Models: 10
Test Accuracies: [52.60260795211629, 42.73549950121134, 63.98389625195953, 45.02814593130967, 84.37722673507196, 45.17243836397321, 42.84238278466581, 48.39140658401026, 78.81929599543965, 75.13538549237566]
Mean Accuracy: 57.90882855921334
Standard Deviation: 16.24663070359665
Total Time: 5:10:07.616852



Model Config:
|-----------------------|----------------------|
| sort_pooling_k        | 5                    |
| layer_sizes           | [32, 32, 32, 32, 32] |
| batch_size            | 32                   |
| learning_rate         | 0.0001               |
| dropout_rate          | 0.2                  |
| sizes_1d_convolutions | [32]                 |
| dense_layer_sizes     | [32]                 |
| epochs                | 100                  |



########## Model 1 ##########

Test Accuracy: 52.60260795211629


|   Epoch |   Train Loss |   Validation Loss |   Train Accuracy |   Validation Accuracy |
|---------|--------------|-------------------|------------------|-----------------------|
|       1 |      1.79622 |          1.75501  |         0.389686 |              0.364422 |
|       2 |      1.44719 |          1.3389   |         0.596111 |              0.578416 |
|       3 |      1.28057 |          1.29399  |         0.615612 |              0.594429 |
|       4 |      1.2543  |          1.33223  |         0.602659 |              0.585699 |
|       5 |      1.29021 |          1.32453  |         0.617586 |              0.596315 |
|       6 |      1.299   |          1.43596  |         0.550627 |              0.52766  |
|       7 |      1.38833 |          1.42459  |         0.544288 |              0.527528 |
|       8 |      1.40766 |          1.4791   |         0.527694 |              0.515596 |
|       9 |      1.43205 |          1.47133  |         0.507173 |              0.498136 |
|      10 |      1.42619 |          1.46759  |         0.513074 |              0.481553 |
|      11 |      1.41713 |          1.45771  |         0.512481 |              0.479272 |
|      12 |      1.4161  |          1.58211  |         0.425934 |              0.412371 |
|      13 |      1.45236 |          1.47684  |         0.506943 |              0.493485 |
|      14 |      1.44355 |          1.4799   |         0.499857 |              0.473306 |
|      15 |      1.44768 |          1.49547  |         0.502029 |              0.485852 |
|      16 |      1.44833 |          1.49333  |         0.50204  |              0.485808 |
|      17 |      1.43774 |          1.48661  |         0.490984 |              0.475674 |
|      18 |      1.41835 |          1.37598  |         0.538541 |              0.5195   |
|      19 |      1.36605 |          1.40213  |         0.524425 |              0.509147 |
|      20 |      1.35591 |          1.38379  |         0.526103 |              0.507129 |
|      21 |      1.35152 |          1.35937  |         0.552744 |              0.538627 |
|      22 |      1.34781 |          1.3661   |         0.479699 |              0.473086 |
|      23 |      1.26534 |          1.25758  |         0.562308 |              0.557535 |
|      24 |      1.22148 |          1.23781  |         0.564535 |              0.549506 |
|      25 |      1.20426 |          1.21805  |         0.575919 |              0.556087 |
|      26 |      1.19375 |          1.21382  |         0.574724 |              0.555341 |
|      27 |      1.18007 |          1.20131  |         0.581502 |              0.566133 |
|      28 |      1.17437 |          1.1931   |         0.579824 |              0.563896 |
|      29 |      1.16924 |          1.20623  |         0.552075 |              0.557271 |
|      30 |      1.16618 |          1.19047  |         0.594553 |              0.595964 |
|      31 |      1.15619 |          1.18188  |         0.601748 |              0.583066 |
|      32 |      1.15042 |          1.1844   |         0.587896 |              0.568326 |
|      33 |      1.13788 |          1.17293  |         0.590923 |              0.572318 |
|      34 |      1.12614 |          1.17381  |         0.588302 |              0.569248 |
|      35 |      1.12286 |          1.04903  |         0.62783  |              0.637289 |
|      36 |      1.12034 |          1.17551  |         0.586635 |              0.568502 |
|      37 |      1.11389 |          1.17972  |         0.586371 |              0.567888 |
|      38 |      1.10986 |          1.17977  |         0.580339 |              0.561878 |
|      39 |      1.11474 |          1.11498  |         0.607704 |              0.612678 |
|      40 |      1.12186 |          1.17522  |         0.58454  |              0.562492 |
|      41 |      1.10167 |          1.09798  |         0.605971 |              0.590831 |
|      42 |      1.11456 |          1.17376  |         0.57876  |              0.561132 |
|      43 |      1.10127 |          1.15249  |         0.583443 |              0.563457 |
|      44 |      1.09517 |          1.14681  |         0.596078 |              0.59399  |
|      45 |      1.09745 |          1.12842  |         0.608493 |              0.605484 |
|      46 |      1.10675 |          1.17098  |         0.57695  |              0.567317 |
|      47 |      1.12001 |          1.0514   |         0.621534 |              0.623558 |
|      48 |      1.10166 |          1.12241  |         0.601891 |              0.60215  |
|      49 |      1.06564 |          1.12529  |         0.601825 |              0.602193 |
|      50 |      1.08347 |          1.1411   |         0.59157  |              0.59535  |
|      51 |      1.09707 |          1.1544   |         0.591131 |              0.589603 |
|      52 |      1.09459 |          1.07483  |         0.607024 |              0.611669 |
|      53 |      1.06885 |          1.04812  |         0.612486 |              0.615091 |
|      54 |      1.0509  |          1.10679  |         0.610983 |              0.610967 |
|      55 |      1.08665 |          1.11831  |         0.607704 |              0.606756 |
|      56 |      1.07028 |          1.03173  |         0.609184 |              0.611362 |
|      57 |      1.05557 |          1.10062  |         0.606706 |              0.601974 |
|      58 |      1.0468  |          1.04682  |         0.627413 |              0.632595 |
|      59 |      1.06451 |          1.08138  |         0.613561 |              0.613073 |
|      60 |      1.06198 |          1.09832  |         0.619505 |              0.622066 |
|      61 |      1.07428 |          1.04013  |         0.62681  |              0.631454 |
|      62 |      1.06069 |          1.13013  |         0.582357 |              0.568941 |
|      63 |      1.0355  |          0.998696 |         0.638293 |              0.643782 |
|      64 |      1.03658 |          1.09843  |         0.612124 |              0.609695 |
|      65 |      1.0301  |          1.07214  |         0.618112 |              0.617943 |
|      66 |      1.02841 |          1.07426  |         0.61922  |              0.617943 |
|      67 |      1.054   |          1.03647  |         0.636626 |              0.637552 |
|      68 |      1.03766 |          1.07796  |         0.617498 |              0.6161   |
|      69 |      1.0315  |          0.996941 |         0.641528 |              0.643869 |
|      70 |      1.02921 |          1.06463  |         0.617191 |              0.617328 |
|      71 |      1.07667 |          1.08402  |         0.617783 |              0.615837 |
|      72 |      1.053   |          1.07143  |         0.619055 |              0.616363 |
|      73 |      1.03062 |          1.07536  |         0.618759 |              0.615837 |
|      74 |      1.03041 |          1.02865  |         0.637383 |              0.633999 |
|      75 |      1.04142 |          1.04768  |         0.628323 |              0.627243 |
|      76 |      1.06111 |          1.04244  |         0.624835 |              0.624172 |
|      77 |      1.01792 |          1.09091  |         0.620854 |              0.621408 |
|      78 |      1.05204 |          1.02371  |         0.629299 |              0.635052 |
|      79 |      1.0378  |          0.988649 |         0.630868 |              0.632376 |
|      80 |      1.11489 |          1.07898  |         0.618628 |              0.616056 |
|      81 |      1.04599 |          1.1025   |         0.612014 |              0.610529 |
|      82 |      1.11567 |          1.17722  |         0.591702 |              0.588419 |
|      83 |      1.08845 |          1.13081  |         0.606267 |              0.607326 |
|      84 |      1.07748 |          1.13051  |         0.609832 |              0.608423 |
|      85 |      1.07881 |          1.10709  |         0.62058  |              0.624435 |
|      86 |      1.05788 |          1.09576  |         0.615107 |              0.621057 |
|      87 |      1.07354 |          1.12893  |         0.608669 |              0.607633 |
|      88 |      1.2957  |          1.31538  |         0.566498 |              0.541742 |
|      89 |      1.30216 |          1.32353  |         0.561387 |              0.535907 |
|      90 |      1.31263 |          1.34608  |         0.542588 |              0.517526 |
|      91 |      1.32271 |          1.34309  |         0.542445 |              0.51735  |
|      92 |      1.30811 |          1.35617  |         0.55428  |              0.545032 |
|      93 |      1.32269 |          1.34148  |         0.557098 |              0.549594 |
|      94 |      1.31756 |          1.34887  |         0.557098 |              0.549594 |
|      95 |      1.31549 |          1.33913  |         0.556813 |              0.549331 |
|      96 |      1.31976 |          1.33719  |         0.556572 |              0.54955  |
|      97 |      1.31558 |          1.33831  |         0.547534 |              0.537486 |
|      98 |      1.32113 |          1.35315  |         0.553534 |              0.544944 |
|      99 |      1.31924 |          1.34589  |         0.554159 |              0.544988 |
|     100 |      1.31554 |          1.3382   |         0.543531 |              0.536653 |

########## Model 2 ##########

Test Accuracy: 42.73549950121134


|   Epoch |   Train Loss |   Validation Loss |   Train Accuracy |   Validation Accuracy |
|---------|--------------|-------------------|------------------|-----------------------|
|       1 |      1.71293 |           1.66932 |         0.408583 |              0.386444 |
|       2 |      1.61503 |           1.63773 |         0.409154 |              0.38798  |
|       3 |      1.58973 |           1.62057 |         0.408496 |              0.38798  |
|       4 |      1.57306 |           1.61281 |         0.408496 |              0.38798  |
|       5 |      1.56405 |           1.60474 |         0.408496 |              0.38798  |
|       6 |      1.55716 |           1.59701 |         0.408496 |              0.38798  |
|       7 |      1.55103 |           1.58529 |         0.412532 |              0.393069 |
|       8 |      1.54177 |           1.57894 |         0.419058 |              0.391138 |
|       9 |      1.53225 |           1.56889 |         0.428468 |              0.408204 |
|      10 |      1.52252 |           1.56209 |         0.428402 |              0.408204 |
|      11 |      1.51662 |           1.55883 |         0.423061 |              0.394165 |
|      12 |      1.51013 |           1.55267 |         0.428391 |              0.40816  |
|      13 |      1.50723 |           1.54947 |         0.429126 |              0.40816  |
|      14 |      1.50347 |           1.54154 |         0.429291 |              0.408642 |
|      15 |      1.49703 |           1.54463 |         0.458004 |              0.43571  |
|      16 |      1.47904 |           1.51437 |         0.458191 |              0.435666 |
|      17 |      1.46229 |           1.50558 |         0.458202 |              0.43571  |
|      18 |      1.45492 |           1.50074 |         0.45818  |              0.435666 |
|      19 |      1.45217 |           1.49699 |         0.453233 |              0.422066 |
|      20 |      1.45049 |           1.4983  |         0.453244 |              0.422066 |
|      21 |      1.44804 |           1.49626 |         0.458618 |              0.436061 |
|      22 |      1.44694 |           1.4957  |         0.45864  |              0.436148 |
|      23 |      1.44635 |           1.4952  |         0.458608 |              0.436017 |
|      24 |      1.44636 |           1.49371 |         0.458629 |              0.436104 |
|      25 |      1.44527 |           1.49634 |         0.453255 |              0.422154 |
|      26 |      1.44405 |           1.49461 |         0.453222 |              0.422022 |
|      27 |      1.44396 |           1.49115 |         0.454758 |              0.433077 |
|      28 |      1.44386 |           1.49363 |         0.453255 |              0.42211  |
|      29 |      1.44342 |           1.49231 |         0.453255 |              0.422154 |
|      30 |      1.44315 |           1.4904  |         0.453255 |              0.42211  |
|      31 |      1.44194 |           1.49001 |         0.45864  |              0.436148 |
|      32 |      1.44244 |           1.49383 |         0.453255 |              0.422154 |
|      33 |      1.44243 |           1.48894 |         0.458629 |              0.436148 |
|      34 |      1.441   |           1.49475 |         0.453255 |              0.422154 |
|      35 |      1.44143 |           1.48857 |         0.454758 |              0.433077 |
|      36 |      1.4409  |           1.49164 |         0.453255 |              0.422154 |
|      37 |      1.44092 |           1.48933 |         0.45864  |              0.436104 |
|      38 |      1.44065 |           1.48629 |         0.45864  |              0.436148 |
|      39 |      1.44055 |           1.48822 |         0.453255 |              0.422154 |
|      40 |      1.44071 |           1.48796 |         0.45864  |              0.436148 |
|      41 |      1.44022 |           1.48883 |         0.45864  |              0.436148 |
|      42 |      1.44022 |           1.48478 |         0.45864  |              0.436148 |
|      43 |      1.44024 |           1.49118 |         0.45864  |              0.436148 |
|      44 |      1.44026 |           1.49122 |         0.453244 |              0.422154 |
|      45 |      1.44011 |           1.4947  |         0.453255 |              0.422154 |
|      46 |      1.43986 |           1.48828 |         0.453255 |              0.422154 |
|      47 |      1.43985 |           1.49091 |         0.453255 |              0.422154 |
|      48 |      1.43976 |           1.48907 |         0.45864  |              0.436148 |
|      49 |      1.43944 |           1.48533 |         0.453255 |              0.422154 |
|      50 |      1.43965 |           1.48865 |         0.453255 |              0.422154 |
|      51 |      1.43924 |           1.49292 |         0.453266 |              0.422198 |
|      52 |      1.43939 |           1.48679 |         0.453266 |              0.422198 |
|      53 |      1.43912 |           1.4891  |         0.458673 |              0.436148 |
|      54 |      1.43928 |           1.48682 |         0.458651 |              0.436192 |
|      55 |      1.43895 |           1.48921 |         0.458651 |              0.436192 |
|      56 |      1.4387  |           1.4836  |         0.458651 |              0.436192 |
|      57 |      1.43896 |           1.48501 |         0.458695 |              0.436192 |
|      58 |      1.43872 |           1.48814 |         0.453299 |              0.422198 |
|      59 |      1.43888 |           1.48614 |         0.453266 |              0.422198 |
|      60 |      1.43866 |           1.48962 |         0.458695 |              0.436192 |
|      61 |      1.43856 |           1.48547 |         0.458651 |              0.436192 |
|      62 |      1.43896 |           1.48625 |         0.458684 |              0.436192 |
|      63 |      1.43822 |           1.48715 |         0.458695 |              0.436192 |
|      64 |      1.43855 |           1.48513 |         0.458651 |              0.436192 |
|      65 |      1.43832 |           1.48934 |         0.45864  |              0.436148 |
|      66 |      1.4384  |           1.4864  |         0.453299 |              0.422198 |
|      67 |      1.43819 |           1.48569 |         0.45331  |              0.422198 |
|      68 |      1.43845 |           1.48563 |         0.449427 |              0.419127 |
|      69 |      1.43795 |           1.48966 |         0.458695 |              0.436192 |
|      70 |      1.4383  |           1.48436 |         0.458926 |              0.436411 |
|      71 |      1.43797 |           1.4866  |         0.453508 |              0.422417 |
|      72 |      1.43792 |           1.48719 |         0.458937 |              0.436411 |
|      73 |      1.43781 |           1.48891 |         0.458915 |              0.436368 |
|      74 |      1.43804 |           1.48986 |         0.453266 |              0.422198 |
|      75 |      1.43792 |           1.4863  |         0.458673 |              0.436148 |
|      76 |      1.43755 |           1.4857  |         0.458695 |              0.436192 |
|      77 |      1.43828 |           1.48637 |         0.449669 |              0.419346 |
|      78 |      1.43779 |           1.48474 |         0.458684 |              0.436192 |
|      79 |      1.43739 |           1.48472 |         0.458695 |              0.436192 |
|      80 |      1.4379  |           1.48476 |         0.458937 |              0.436411 |
|      81 |      1.43785 |           1.486   |         0.45331  |              0.422198 |
|      82 |      1.43738 |           1.48711 |         0.45331  |              0.422198 |
|      83 |      1.43813 |           1.48645 |         0.458695 |              0.436192 |
|      84 |      1.43759 |           1.48917 |         0.45864  |              0.436148 |
|      85 |      1.43793 |           1.48626 |         0.45864  |              0.436148 |
|      86 |      1.43782 |           1.48717 |         0.458882 |              0.436368 |
|      87 |      1.4379  |           1.49127 |         0.453255 |              0.422154 |
|      88 |      1.43753 |           1.48498 |         0.458882 |              0.436368 |
|      89 |      1.43774 |           1.48687 |         0.453255 |              0.42211  |
|      90 |      1.43806 |           1.48666 |         0.454758 |              0.433077 |
|      91 |      1.43784 |           1.4895  |         0.45864  |              0.436148 |
|      92 |      1.43747 |           1.48482 |         0.458695 |              0.436192 |
|      93 |      1.43773 |           1.48595 |         0.45864  |              0.436148 |
|      94 |      1.43738 |           1.48442 |         0.45864  |              0.436148 |
|      95 |      1.43772 |           1.48461 |         0.45864  |              0.436148 |
|      96 |      1.43756 |           1.48522 |         0.458684 |              0.436192 |
|      97 |      1.43757 |           1.48598 |         0.458695 |              0.436192 |
|      98 |      1.43753 |           1.4855  |         0.458695 |              0.436192 |
|      99 |      1.43717 |           1.48713 |         0.458695 |              0.436192 |
|     100 |      1.43779 |           1.48595 |         0.45331  |              0.422198 |

########## Model 3 ##########

Test Accuracy: 63.98389625195953


|   Epoch |   Train Loss |   Validation Loss |   Train Accuracy |   Validation Accuracy |
|---------|--------------|-------------------|------------------|-----------------------|
|       1 |     1.93931  |          1.28063  |         0.531774 |              0.513534 |
|       2 |     1.13761  |          1.09682  |         0.602845 |              0.594385 |
|       3 |     1.06116  |          1.07017  |         0.616434 |              0.611011 |
|       4 |     1.04445  |          1.06594  |         0.619735 |              0.616934 |
|       5 |     1.0367   |          1.04944  |         0.620426 |              0.616934 |
|       6 |     1.03513  |          1.12901  |         0.599642 |              0.584295 |
|       7 |     1.05977  |          1.08738  |         0.599697 |              0.579645 |
|       8 |     1.0565   |          1.07879  |         0.600279 |              0.584514 |
|       9 |     1.05474  |          1.07917  |         0.599675 |              0.57982  |
|      10 |     1.05254  |          1.0796   |         0.600257 |              0.580698 |
|      11 |     1.05139  |          1.07653  |         0.612793 |              0.60136  |
|      12 |     1.05068  |          1.07173  |         0.601474 |              0.586137 |
|      13 |     1.04846  |          1.0743   |         0.609261 |              0.599166 |
|      14 |     1.04737  |          1.06233  |         0.633204 |              0.612064 |
|      15 |     1.0465   |          1.06873  |         0.604951 |              0.592893 |
|      16 |     1.04485  |          1.07951  |         0.601759 |              0.582628 |
|      17 |     1.0424   |          1.0736   |         0.5995   |              0.57982  |
|      18 |     1.04236  |          1.07178  |         0.601211 |              0.585567 |
|      19 |     1.04165  |          1.07245  |         0.602044 |              0.584207 |
|      20 |     1.04352  |          1.06906  |         0.624079 |              0.614477 |
|      21 |     1.0407   |          1.07708  |         0.603843 |              0.585611 |
|      22 |     1.04014  |          1.07104  |         0.599544 |              0.583374 |
|      23 |     1.04225  |          1.07379  |         0.615546 |              0.597368 |
|      24 |     1.03956  |          1.068    |         0.617136 |              0.604869 |
|      25 |     1.02728  |          1.06636  |         0.627555 |              0.610485 |
|      26 |     1.02915  |          0.959975 |         0.729424 |              0.706164 |
|      27 |     1.03131  |          1.0682   |         0.627468 |              0.613073 |
|      28 |     1.02118  |          1.05371  |         0.630791 |              0.614828 |
|      29 |     1.0172   |          1.06535  |         0.619768 |              0.604869 |
|      30 |     1.00304  |          1.05323  |         0.631789 |              0.620619 |
|      31 |     1.00343  |          1.04742  |         0.63407  |              0.623207 |
|      32 |     0.983195 |          1.0439   |         0.631756 |              0.620662 |
|      33 |     0.973886 |          0.892059 |         0.733987 |              0.711691 |
|      34 |     0.972945 |          1.04059  |         0.634158 |              0.625049 |
|      35 |     0.925644 |          0.892004 |         0.732331 |              0.720684 |
|      36 |     0.916281 |          0.887774 |         0.736126 |              0.725291 |
|      37 |     0.90646  |          1.04893  |         0.630407 |              0.619917 |
|      38 |     0.947769 |          0.848041 |         0.748903 |              0.73016  |
|      39 |     0.89481  |          0.879009 |         0.748596 |              0.731169 |
|      40 |     0.826002 |          0.838366 |         0.74864  |              0.728669 |
|      41 |     0.806215 |          0.955939 |         0.691761 |              0.688221 |
|      42 |     0.850911 |          0.835735 |         0.748267 |              0.733977 |
|      43 |     0.845017 |          0.855552 |         0.735895 |              0.720553 |
|      44 |     0.81699  |          0.861465 |         0.734952 |              0.719324 |
|      45 |     0.855635 |          0.867069 |         0.735018 |              0.719105 |
|      46 |     0.821684 |          0.826229 |         0.74909  |              0.733626 |
|      47 |     0.837048 |          0.890823 |         0.720891 |              0.708225 |
|      48 |     0.835979 |          1.03096  |         0.639763 |              0.631059 |
|      49 |     0.842187 |          0.81524  |         0.752314 |              0.73753  |
|      50 |     0.829565 |          0.823009 |         0.749748 |              0.730687 |
|      51 |     0.930001 |          0.847793 |         0.749945 |              0.734415 |
|      52 |     0.832074 |          0.909436 |         0.68892  |              0.683483 |
|      53 |     0.854917 |          0.836479 |         0.746106 |              0.734152 |
|      54 |     0.815612 |          0.991559 |         0.662839 |              0.658346 |
|      55 |     0.915687 |          0.86493  |         0.729117 |              0.719939 |
|      56 |     0.938466 |          0.847105 |         0.738264 |              0.725422 |
|      57 |     0.872737 |          0.894833 |         0.73198  |              0.718623 |
|      58 |     0.889013 |          0.845657 |         0.736543 |              0.725466 |
|      59 |     0.92606  |          1.08037  |         0.599445 |              0.579732 |
|      60 |     0.95096  |          1.08335  |         0.599577 |              0.579074 |
|      61 |     1.02495  |          1.07535  |         0.599511 |              0.579689 |
|      62 |     1.01038  |          1.06411  |         0.607616 |              0.594472 |
|      63 |     1.00779  |          1.05452  |         0.613846 |              0.609256 |
|      64 |     0.997719 |          1.06348  |         0.606092 |              0.593946 |
|      65 |     0.937623 |          1.06095  |         0.607715 |              0.593595 |
|      66 |     0.920385 |          0.926504 |         0.692156 |              0.686422 |
|      67 |     0.866502 |          0.843581 |         0.740655 |              0.727484 |
|      68 |     0.804227 |          0.831963 |         0.752139 |              0.738408 |
|      69 |     0.791173 |          0.820056 |         0.752106 |              0.737837 |
|      70 |     0.780613 |          0.81922  |         0.748574 |              0.731038 |
|      71 |     0.780267 |          0.817821 |         0.749188 |              0.731432 |
|      72 |     0.781636 |          0.818322 |         0.749583 |              0.733889 |
|      73 |     0.779771 |          0.824366 |         0.749364 |              0.733143 |
|      74 |     0.794652 |          0.814483 |         0.75011  |              0.73231  |
|      75 |     0.82029  |          1.01249  |         0.636988 |              0.636455 |
|      76 |     0.933612 |          1.03258  |         0.625757 |              0.624786 |
|      77 |     0.874094 |          0.907509 |         0.705251 |              0.695372 |
|      78 |     0.861604 |          0.855659 |         0.727187 |              0.716648 |
|      79 |     0.819459 |          1.12471  |         0.599434 |              0.579513 |
|      80 |     0.821443 |          0.824429 |         0.747445 |              0.734723 |
|      81 |     0.892039 |          0.953175 |         0.678786 |              0.677517 |
|      82 |     0.81654  |          0.817969 |         0.74955  |              0.733012 |
|      83 |     0.8286   |          0.81941  |         0.74898  |              0.734152 |
|      84 |     0.839995 |          0.923177 |         0.687977 |              0.68537  |
|      85 |     0.858104 |          0.827223 |         0.750186 |              0.732354 |
|      86 |     0.789802 |          0.818746 |         0.750132 |              0.732178 |
|      87 |     0.846375 |          0.948108 |         0.680607 |              0.675631 |
|      88 |     0.871172 |          0.852171 |         0.735797 |              0.717921 |
|      89 |     0.907829 |          1.0049   |         0.648252 |              0.644966 |
|      90 |     0.950462 |          1.0333   |         0.626535 |              0.625751 |
|      91 |     0.974731 |          0.8379   |         0.749638 |              0.731871 |
|      92 |     0.815912 |          0.818733 |         0.748837 |              0.73152  |
|      93 |     0.855721 |          0.824915 |         0.749517 |              0.733977 |
|      94 |     0.777597 |          0.840048 |         0.748728 |              0.727572 |
|      95 |     0.786684 |          0.816979 |         0.74943  |              0.731739 |
|      96 |     0.831233 |          1.03646  |         0.640136 |              0.637684 |
|      97 |     0.85669  |          0.832646 |         0.743737 |              0.730906 |
|      98 |     0.880846 |          0.882019 |         0.718215 |              0.704102 |
|      99 |     0.855244 |          0.857698 |         0.731969 |              0.718491 |
|     100 |     0.893304 |          1.01005  |         0.640706 |              0.637728 |

########## Model 4 ##########

Test Accuracy: 45.02814593130967


|   Epoch |   Train Loss |   Validation Loss |   Train Accuracy |   Validation Accuracy |
|---------|--------------|-------------------|------------------|-----------------------|
|       1 |     1.5411   |          1.43427  |         0.423061 |              0.393113 |
|       2 |     1.31473  |          1.25829  |         0.490809 |              0.461636 |
|       3 |     1.20953  |          1.15297  |         0.552371 |              0.527616 |
|       4 |     1.08954  |          1.07045  |         0.579988 |              0.559991 |
|       5 |     1.09058  |          1.09188  |         0.586777 |              0.591665 |
|       6 |     1.05026  |          1.03897  |         0.578036 |              0.573284 |
|       7 |     1.02385  |          1.02793  |         0.574241 |              0.557271 |
|       8 |     1.01301  |          1.01892  |         0.578431 |              0.557886 |
|       9 |     1.00631  |          1.00956  |         0.578113 |              0.557578 |
|      10 |     0.999287 |          1.01042  |         0.567891 |              0.551305 |
|      11 |     0.996499 |          1.00473  |         0.578431 |              0.557798 |
|      12 |     0.996148 |          1.01027  |         0.57854  |              0.557754 |
|      13 |     0.990936 |          0.996156 |         0.578782 |              0.558544 |
|      14 |     0.989484 |          1.0093   |         0.573989 |              0.576135 |
|      15 |     0.998082 |          1.00621  |         0.579966 |              0.560474 |
|      16 |     0.997478 |          1.00101  |         0.578321 |              0.573284 |
|      17 |     0.988434 |          0.994432 |         0.579198 |              0.573854 |
|      18 |     0.984521 |          0.994868 |         0.576018 |              0.558938 |
|      19 |     0.980645 |          0.987224 |         0.595146 |              0.591533 |
|      20 |     0.979098 |          0.990607 |         0.5808   |              0.559465 |
|      21 |     0.978155 |          0.994095 |         0.57015  |              0.549375 |
|      22 |     0.976207 |          0.984863 |         0.577641 |              0.558807 |
|      23 |     0.974988 |          0.991956 |         0.577444 |              0.559026 |
|      24 |     0.973422 |          0.984015 |         0.581052 |              0.559245 |
|      25 |     0.973624 |          0.981315 |         0.581403 |              0.560342 |
|      26 |     0.972569 |          0.984354 |         0.579341 |              0.558587 |
|      27 |     0.971571 |          0.984452 |         0.580942 |              0.559596 |
|      28 |     0.970812 |          0.976294 |         0.600322 |              0.596973 |
|      29 |     0.986876 |          1.20702  |         0.539923 |              0.527045 |
|      30 |     1.04091  |          0.998668 |         0.573155 |              0.567449 |
|      31 |     0.950911 |          0.968353 |         0.584584 |              0.5678   |
|      32 |     0.92132  |          0.927848 |         0.602121 |              0.604869 |
|      33 |     0.909348 |          0.921386 |         0.603514 |              0.607019 |
|      34 |     0.877292 |          0.849611 |         0.641167 |              0.63435  |
|      35 |     0.870584 |          0.897874 |         0.614449 |              0.594692 |
|      36 |     0.888253 |          0.842888 |         0.640136 |              0.620136 |
|      37 |     0.857631 |          0.818304 |         0.637163 |              0.623295 |
|      38 |     0.864878 |          0.837004 |         0.641199 |              0.621189 |
|      39 |     0.830036 |          0.809612 |         0.652441 |              0.629041 |
|      40 |     0.833834 |          0.803183 |         0.656324 |              0.631103 |
|      41 |     0.835612 |          0.828054 |         0.641561 |              0.617986 |
|      42 |     0.843403 |          0.8603   |         0.635902 |              0.611099 |
|      43 |     0.848837 |          0.812543 |         0.656587 |              0.65159  |
|      44 |     0.872086 |          0.902299 |         0.614657 |              0.609344 |
|      45 |     0.838294 |          0.845978 |         0.640026 |              0.618206 |
|      46 |     0.837375 |          0.875378 |         0.630539 |              0.621145 |
|      47 |     0.83731  |          0.849849 |         0.639763 |              0.634174 |
|      48 |     0.840294 |          0.859411 |         0.636045 |              0.629524 |
|      49 |     0.871585 |          0.877546 |         0.621534 |              0.606493 |
|      50 |     0.864332 |          0.898063 |         0.622817 |              0.615003 |
|      51 |     0.868374 |          0.926119 |         0.601452 |              0.589208 |
|      52 |     0.87733  |          0.873116 |         0.645784 |              0.642729 |
|      53 |     0.861987 |          0.873889 |         0.63101  |              0.62698  |
|      54 |     0.878768 |          0.903094 |         0.615644 |              0.612459 |
|      55 |     0.904965 |          0.922313 |         0.601704 |              0.586532 |
|      56 |     0.931813 |          0.942055 |         0.61389  |              0.618557 |
|      57 |     0.942808 |          0.940308 |         0.597581 |              0.58662  |
|      58 |     0.952331 |          0.944678 |         0.601913 |              0.601974 |
|      59 |     0.956067 |          0.978098 |         0.603635 |              0.612327 |
|      60 |     0.980825 |          1.02158  |         0.595848 |              0.608949 |
|      61 |     0.990252 |          1.00172  |         0.59021  |              0.597412 |
|      62 |     0.999518 |          1.00547  |         0.58908  |              0.59864  |
|      63 |     1.00377  |          1.03242  |         0.579418 |              0.584777 |
|      64 |     0.998666 |          1.01435  |         0.583246 |              0.592279 |
|      65 |     1.01036  |          1.02683  |         0.577553 |              0.580698 |
|      66 |     1.01832  |          1.07641  |         0.562067 |              0.568941 |
|      67 |     1.09259  |          1.1587   |         0.513896 |              0.499539 |
|      68 |     1.10799  |          1.14509  |         0.518667 |              0.511691 |
|      69 |     1.17056  |          1.31612  |         0.44696  |              0.42132  |
|      70 |     1.23733  |          1.27505  |         0.466439 |              0.440798 |
|      71 |     1.23015  |          1.26699  |         0.466439 |              0.440798 |
|      72 |     1.22718  |          1.26752  |         0.466439 |              0.440798 |
|      73 |     1.22594  |          1.26812  |         0.465824 |              0.440491 |
|      74 |     1.22506  |          1.26575  |         0.466439 |              0.440798 |
|      75 |     1.22452  |          1.26969  |         0.465824 |              0.440491 |
|      76 |     1.22006  |          1.26426  |         0.460439 |              0.426497 |
|      77 |     1.21884  |          1.25904  |         0.465824 |              0.440491 |
|      78 |     1.218    |          1.25453  |         0.466439 |              0.440798 |
|      79 |     1.21713  |          1.2568   |         0.465824 |              0.440491 |
|      80 |     1.21642  |          1.25913  |         0.466439 |              0.440798 |
|      81 |     1.21503  |          1.25471  |         0.465813 |              0.440755 |
|      82 |     1.21535  |          1.2507   |         0.466439 |              0.440798 |
|      83 |     1.21481  |          1.24997  |         0.466439 |              0.440798 |
|      84 |     1.21721  |          1.25131  |         0.466439 |              0.440798 |
|      85 |     1.2141   |          1.2535   |         0.466439 |              0.440798 |
|      86 |     1.21783  |          1.25326  |         0.462556 |              0.437728 |
|      87 |     1.21539  |          1.25352  |         0.458048 |              0.435929 |
|      88 |     1.21475  |          1.25207  |         0.461942 |              0.43742  |
|      89 |     1.21558  |          1.25261  |         0.466439 |              0.440798 |
|      90 |     1.21446  |          1.2504   |         0.465824 |              0.440491 |
|      91 |     1.21297  |          1.25307  |         0.466439 |              0.440798 |
|      92 |     1.21303  |          1.25463  |         0.465824 |              0.440491 |
|      93 |     1.2128   |          1.25181  |         0.462556 |              0.437728 |
|      94 |     1.21259  |          1.25053  |         0.466439 |              0.440798 |
|      95 |     1.21341  |          1.24962  |         0.465824 |              0.440491 |
|      96 |     1.21276  |          1.24889  |         0.453277 |              0.422242 |
|      97 |     1.2122   |          1.2492   |         0.466439 |              0.440798 |
|      98 |     1.21224  |          1.24823  |         0.466439 |              0.440798 |
|      99 |     1.21212  |          1.25104  |         0.465824 |              0.440491 |
|     100 |     1.21202  |          1.25075  |         0.465824 |              0.440491 |

########## Model 5 ##########

Test Accuracy: 84.37722673507196


|   Epoch |   Train Loss |   Validation Loss |   Train Accuracy |   Validation Accuracy |
|---------|--------------|-------------------|------------------|-----------------------|
|       1 |     1.32214  |          0.837552 |         0.738067 |              0.718842 |
|       2 |     0.708165 |          0.676324 |         0.772363 |              0.759509 |
|       3 |     0.636676 |          0.638616 |         0.784702 |              0.772362 |
|       4 |     0.608126 |          0.6218   |         0.789638 |              0.780873 |
|       5 |     0.588939 |          0.606874 |         0.788936 |              0.781224 |
|       6 |     0.576099 |          0.599331 |         0.793367 |              0.784426 |
|       7 |     0.570532 |          0.593832 |         0.794836 |              0.785348 |
|       8 |     0.562225 |          0.580416 |         0.7942   |              0.784821 |
|       9 |     0.557855 |          0.580927 |         0.794661 |              0.785348 |
|      10 |     0.551552 |          0.575925 |         0.797403 |              0.788901 |
|      11 |     0.545741 |          0.576737 |         0.795494 |              0.786006 |
|      12 |     0.541848 |          0.572399 |         0.795714 |              0.785918 |
|      13 |     0.538472 |          0.566576 |         0.796591 |              0.786444 |
|      14 |     0.536358 |          0.56383  |         0.798862 |              0.788594 |
|      15 |     0.532583 |          0.568348 |         0.795407 |              0.784383 |
|      16 |     0.531001 |          0.560106 |         0.798675 |              0.785523 |
|      17 |     0.528276 |          0.56703  |         0.799882 |              0.788506 |
|      18 |     0.525477 |          0.553597 |         0.801922 |              0.790568 |
|      19 |     0.523969 |          0.550427 |         0.817342 |              0.806273 |
|      20 |     0.521289 |          0.547228 |         0.803402 |              0.794078 |
|      21 |     0.519069 |          0.548787 |         0.813723 |              0.80329  |
|      22 |     0.517795 |          0.545549 |         0.816421 |              0.80386  |
|      23 |     0.513627 |          0.541243 |         0.820084 |              0.809213 |
|      24 |     0.510999 |          0.536113 |         0.818428 |              0.807414 |
|      25 |     0.506028 |          0.536434 |         0.829001 |              0.815267 |
|      26 |     0.501285 |          0.5307   |         0.822004 |              0.80873  |
|      27 |     0.509405 |          0.532963 |         0.817726 |              0.807677 |
|      28 |     0.497451 |          0.517822 |         0.834189 |              0.822944 |
|      29 |     0.488226 |          0.507566 |         0.837139 |              0.828954 |
|      30 |     0.480616 |          0.512103 |         0.841548 |              0.829743 |
|      31 |     0.476155 |          0.487445 |         0.84622  |              0.836894 |
|      32 |     0.465154 |          0.522869 |         0.815785 |              0.806405 |
|      33 |     0.456053 |          0.467877 |         0.848403 |              0.842597 |
|      34 |     0.45067  |          0.46458  |         0.854282 |              0.8458   |
|      35 |     0.449511 |          0.46754  |         0.847526 |              0.838035 |
|      36 |     0.445832 |          0.467286 |         0.846977 |              0.837552 |
|      37 |     0.437591 |          0.461993 |         0.852341 |              0.844659 |
|      38 |     0.434028 |          0.455239 |         0.853876 |              0.844176 |
|      39 |     0.433896 |          0.454594 |         0.853372 |              0.8458   |
|      40 |     0.431512 |          0.445413 |         0.855532 |              0.849353 |
|      41 |     0.428918 |          0.446363 |         0.85426  |              0.848168 |
|      42 |     0.425538 |          0.441446 |         0.853646 |              0.847335 |
|      43 |     0.424516 |          0.443086 |         0.858153 |              0.849309 |
|      44 |     0.425121 |          0.444986 |         0.854457 |              0.845887 |
|      45 |     0.421078 |          0.440674 |         0.855971 |              0.849221 |
|      46 |     0.425271 |          0.441729 |         0.854271 |              0.849002 |
|      47 |     0.430599 |          0.440238 |         0.85483  |              0.849835 |
|      48 |     0.428946 |          0.456893 |         0.845826 |              0.838737 |
|      49 |     0.426204 |          0.444888 |         0.855817 |              0.849046 |
|      50 |     0.448899 |          0.475502 |         0.84338  |              0.835271 |
|      51 |     0.440198 |          0.478951 |         0.843873 |              0.837728 |
|      52 |     0.43004  |          0.471066 |         0.857835 |              0.849704 |
|      53 |     0.430737 |          0.442455 |         0.858186 |              0.850976 |
|      54 |     0.431618 |          0.449683 |         0.857539 |              0.850537 |
|      55 |     0.429545 |          0.443239 |         0.859305 |              0.852073 |
|      56 |     0.428167 |          0.445088 |         0.855795 |              0.848212 |
|      57 |     0.424379 |          0.437549 |         0.859239 |              0.852687 |
|      58 |     0.423706 |          0.443855 |         0.858625 |              0.85317  |
|      59 |     0.41766  |          0.459162 |         0.854644 |              0.847247 |
|      60 |     0.419867 |          0.435417 |         0.8563   |              0.847949 |
|      61 |     0.415847 |          0.440642 |         0.859941 |              0.854354 |
|      62 |     0.416271 |          0.434568 |         0.856914 |              0.848125 |
|      63 |     0.414245 |          0.440141 |         0.855927 |              0.849967 |
|      64 |     0.412522 |          0.428206 |         0.860347 |              0.852775 |
|      65 |     0.413494 |          0.444418 |         0.855894 |              0.849704 |
|      66 |     0.411797 |          0.424706 |         0.861027 |              0.856197 |
|      67 |     0.40984  |          0.439398 |         0.855444 |              0.847993 |
|      68 |     0.409835 |          0.426196 |         0.861115 |              0.854047 |
|      69 |     0.409917 |          0.425765 |         0.861575 |              0.854705 |
|      70 |     0.40968  |          0.424577 |         0.856124 |              0.850888 |
|      71 |     0.407108 |          0.422623 |         0.86106  |              0.855538 |
|      72 |     0.406758 |          0.424197 |         0.855828 |              0.851239 |
|      73 |     0.405146 |          0.431354 |         0.857177 |              0.848212 |
|      74 |     0.406661 |          0.420742 |         0.860983 |              0.856416 |
|      75 |     0.407329 |          0.421354 |         0.862935 |              0.856898 |
|      76 |     0.405049 |          0.421141 |         0.859437 |              0.854705 |
|      77 |     0.404567 |          0.414311 |         0.859283 |              0.855056 |
|      78 |     0.408955 |          0.424673 |         0.859546 |              0.853257 |
|      79 |     0.402418 |          0.415773 |         0.859459 |              0.85374  |
|      80 |     0.405556 |          0.417184 |         0.863725 |              0.857206 |
|      81 |     0.401413 |          0.42255  |         0.858219 |              0.84966  |
|      82 |     0.406137 |          0.418036 |         0.860841 |              0.853696 |
|      83 |     0.406816 |          0.423377 |         0.860358 |              0.852336 |
|      84 |     0.405116 |          0.420638 |         0.857221 |              0.851897 |
|      85 |     0.402331 |          0.425873 |         0.856267 |              0.850186 |
|      86 |     0.404016 |          0.418434 |         0.860281 |              0.854705 |
|      87 |     0.397578 |          0.412834 |         0.861795 |              0.855846 |
|      88 |     0.400538 |          0.427214 |         0.855587 |              0.850274 |
|      89 |     0.401357 |          0.429732 |         0.857978 |              0.850625 |
|      90 |     0.404516 |          0.428144 |         0.855697 |              0.850011 |
|      91 |     0.405413 |          0.422232 |         0.859832 |              0.854179 |
|      92 |     0.401411 |          0.43093  |         0.855839 |              0.849046 |
|      93 |     0.401908 |          0.426043 |         0.858724 |              0.851327 |
|      94 |     0.401973 |          0.416143 |         0.862091 |              0.85374  |
|      95 |     0.407875 |          0.440585 |         0.853306 |              0.848783 |
|      96 |     0.40553  |          0.434421 |         0.857813 |              0.850186 |
|      97 |     0.405359 |          0.43107  |         0.859371 |              0.854266 |
|      98 |     0.405341 |          0.423529 |         0.858164 |              0.851722 |
|      99 |     0.405523 |          0.434998 |         0.855565 |              0.849528 |
|     100 |     0.402223 |          0.42285  |         0.858208 |              0.850932 |

########## Model 6 ##########

Test Accuracy: 45.17243836397321


|   Epoch |   Train Loss |   Validation Loss |   Train Accuracy |   Validation Accuracy |
|---------|--------------|-------------------|------------------|-----------------------|
|       1 |      1.58656 |           1.49304 |         0.428709 |              0.407414 |
|       2 |      1.39229 |           1.33986 |         0.448539 |              0.427418 |
|       3 |      1.28468 |           1.30442 |         0.460604 |              0.435534 |
|       4 |      1.25488 |           1.28681 |         0.464475 |              0.438561 |
|       5 |      1.24354 |           1.27573 |         0.464486 |              0.438298 |
|       6 |      1.23774 |           1.27771 |         0.464497 |              0.438342 |
|       7 |      1.23304 |           1.27084 |         0.464497 |              0.438342 |
|       8 |      1.24325 |           1.27106 |         0.464157 |              0.438035 |
|       9 |      1.22998 |           1.26607 |         0.458092 |              0.432244 |
|      10 |      1.20229 |           1.2336  |         0.473447 |              0.454705 |
|      11 |      1.19486 |           1.22973 |         0.47733  |              0.457776 |
|      12 |      1.19331 |           1.22707 |         0.477341 |              0.45782  |
|      13 |      1.19095 |           1.22297 |         0.477341 |              0.45782  |
|      14 |      1.18969 |           1.22228 |         0.471955 |              0.443825 |
|      15 |      1.19267 |           1.22352 |         0.477341 |              0.45782  |
|      16 |      1.20017 |           1.22535 |         0.477341 |              0.458741 |
|      17 |      1.19144 |           1.21927 |         0.477341 |              0.458741 |
|      18 |      1.20762 |           1.25427 |         0.461009 |              0.425707 |
|      19 |      1.19226 |           1.23411 |         0.461031 |              0.426716 |
|      20 |      1.20249 |           1.24976 |         0.466406 |              0.440667 |
|      21 |      1.20501 |           1.25102 |         0.46102  |              0.426716 |
|      22 |      1.20342 |           1.2479  |         0.466417 |              0.440667 |
|      23 |      1.20827 |           1.22764 |         0.466406 |              0.440711 |
|      24 |      1.20368 |           1.21716 |         0.477341 |              0.458785 |
|      25 |      1.2051  |           1.25305 |         0.461031 |              0.426716 |
|      26 |      1.20999 |           1.24782 |         0.466417 |              0.440711 |
|      27 |      1.21052 |           1.24861 |         0.466636 |              0.440842 |
|      28 |      1.2067  |           1.24784 |         0.461031 |              0.426673 |
|      29 |      1.21017 |           1.24832 |         0.466647 |              0.440886 |
|      30 |      1.2095  |           1.24509 |         0.466417 |              0.440711 |
|      31 |      1.20891 |           1.24822 |         0.46102  |              0.426673 |
|      32 |      1.2083  |           1.24886 |         0.466417 |              0.440711 |
|      33 |      1.21013 |           1.24935 |         0.461031 |              0.426673 |
|      34 |      1.20991 |           1.24629 |         0.466406 |              0.440711 |
|      35 |      1.21    |           1.24564 |         0.466647 |              0.44093  |
|      36 |      1.20935 |           1.24762 |         0.466406 |              0.440711 |
|      37 |      1.20976 |           1.25173 |         0.462775 |              0.437859 |
|      38 |      1.20925 |           1.2481  |         0.466406 |              0.440711 |
|      39 |      1.20888 |           1.24929 |         0.466406 |              0.440711 |
|      40 |      1.20905 |           1.24613 |         0.466406 |              0.440667 |
|      41 |      1.20939 |           1.24908 |         0.461031 |              0.426716 |
|      42 |      1.20925 |           1.24544 |         0.466647 |              0.44093  |
|      43 |      1.20904 |           1.25013 |         0.460999 |              0.426673 |
|      44 |      1.20948 |           1.24519 |         0.462534 |              0.437596 |
|      45 |      1.20936 |           1.24387 |         0.466417 |              0.440711 |
|      46 |      1.20886 |           1.25195 |         0.466406 |              0.440711 |
|      47 |      1.20938 |           1.24591 |         0.461031 |              0.426716 |
|      48 |      1.20916 |           1.24686 |         0.466395 |              0.440667 |
|      49 |      1.20835 |           1.2471  |         0.466417 |              0.440711 |
|      50 |      1.20906 |           1.24615 |         0.461284 |              0.426936 |
|      51 |      1.20887 |           1.24533 |         0.46646  |              0.440755 |
|      52 |      1.20843 |           1.24842 |         0.466417 |              0.440623 |
|      53 |      1.20838 |           1.24682 |         0.465989 |              0.440535 |
|      54 |      1.20818 |           1.24711 |         0.461328 |              0.426936 |
|      55 |      1.20851 |           1.24664 |         0.466428 |              0.440667 |
|      56 |      1.20836 |           1.24744 |         0.461086 |              0.42676  |
|      57 |      1.2081  |           1.24455 |         0.466471 |              0.440711 |
|      58 |      1.20808 |           1.24655 |         0.466406 |              0.440711 |
|      59 |      1.2082  |           1.24627 |         0.466428 |              0.440755 |
|      60 |      1.20814 |           1.24641 |         0.461086 |              0.42676  |
|      61 |      1.20823 |           1.24555 |         0.466471 |              0.440755 |
|      62 |      1.20775 |           1.24529 |         0.466406 |              0.440711 |
|      63 |      1.20792 |           1.2458  |         0.46646  |              0.440755 |
|      64 |      1.2079  |           1.24377 |         0.466471 |              0.440755 |
|      65 |      1.20816 |           1.24631 |         0.461086 |              0.42676  |
|      66 |      1.20777 |           1.24534 |         0.466713 |              0.440974 |
|      67 |      1.20812 |           1.24655 |         0.466471 |              0.440755 |
|      68 |      1.20774 |           1.25233 |         0.461086 |              0.42676  |
|      69 |      1.20811 |           1.24393 |         0.466471 |              0.440755 |
|      70 |      1.20789 |           1.24608 |         0.466471 |              0.440755 |
|      71 |      1.20785 |           1.24634 |         0.462589 |              0.437684 |
|      72 |      1.2081  |           1.24578 |         0.46646  |              0.440755 |
|      73 |      1.20808 |           1.24451 |         0.466471 |              0.440711 |
|      74 |      1.20808 |           1.24584 |         0.466471 |              0.440755 |
|      75 |      1.20781 |           1.24542 |         0.46646  |              0.440755 |
|      76 |      1.20755 |           1.24607 |         0.461086 |              0.42676  |
|      77 |      1.20752 |           1.24447 |         0.466471 |              0.440755 |
|      78 |      1.20779 |           1.24627 |         0.46646  |              0.440755 |
|      79 |      1.2077  |           1.2483  |         0.461064 |              0.42676  |
|      80 |      1.2078  |           1.24639 |         0.461086 |              0.42676  |
|      81 |      1.20777 |           1.24673 |         0.461086 |              0.42676  |
|      82 |      1.20756 |           1.2444  |         0.466471 |              0.440755 |
|      83 |      1.20786 |           1.2463  |         0.466471 |              0.440755 |
|      84 |      1.20754 |           1.24478 |         0.461086 |              0.42676  |
|      85 |      1.20748 |           1.24495 |         0.46645  |              0.440755 |
|      86 |      1.20765 |           1.24338 |         0.466471 |              0.440755 |
|      87 |      1.20798 |           1.24385 |         0.46646  |              0.440755 |
|      88 |      1.20763 |           1.2457  |         0.466471 |              0.440755 |
|      89 |      1.20747 |           1.24902 |         0.46646  |              0.440755 |
|      90 |      1.2075  |           1.24745 |         0.466471 |              0.440755 |
|      91 |      1.20733 |           1.24673 |         0.466471 |              0.440755 |
|      92 |      1.20745 |           1.24648 |         0.466417 |              0.440711 |
|      93 |      1.20733 |           1.24479 |         0.466713 |              0.440974 |
|      94 |      1.20751 |           1.2446  |         0.46646  |              0.440755 |
|      95 |      1.20737 |           1.24448 |         0.466471 |              0.440755 |
|      96 |      1.20741 |           1.24556 |         0.466471 |              0.440755 |
|      97 |      1.20739 |           1.24436 |         0.461075 |              0.42676  |
|      98 |      1.20746 |           1.24343 |         0.461086 |              0.42676  |
|      99 |      1.20723 |           1.24639 |         0.46646  |              0.440755 |
|     100 |      1.20765 |           1.24324 |         0.46646  |              0.440755 |

########## Model 7 ##########

Test Accuracy: 42.84238278466581


|   Epoch |   Train Loss |   Validation Loss |   Train Accuracy |   Validation Accuracy |
|---------|--------------|-------------------|------------------|-----------------------|
|       1 |     1.3863   |          1.21258  |         0.62035  |              0.606493 |
|       2 |     1.10532  |          1.0845   |         0.607704 |              0.589033 |
|       3 |     1.04784  |          1.05024  |         0.59723  |              0.575082 |
|       4 |     1.02077  |          1.04671  |         0.587446 |              0.560035 |
|       5 |     1.00579  |          1.02585  |         0.627676 |              0.602062 |
|       6 |     0.994663 |          1.02515  |         0.627424 |              0.60057  |
|       7 |     0.984672 |          0.997721 |         0.652036 |              0.628383 |
|       8 |     0.971959 |          0.99215  |         0.750351 |              0.7195   |
|       9 |     0.945024 |          0.947481 |         0.669924 |              0.650537 |
|      10 |     0.897571 |          0.902007 |         0.754245 |              0.732266 |
|      11 |     0.818442 |          0.79407  |         0.76677  |              0.75635  |
|      12 |     0.757147 |          0.76532  |         0.779558 |              0.768984 |
|      13 |     0.729427 |          0.733873 |         0.795648 |              0.78934  |
|      14 |     0.711952 |          0.720749 |         0.791974 |              0.78526  |
|      15 |     0.698515 |          0.730144 |         0.791469 |              0.788375 |
|      16 |     0.692036 |          0.705974 |         0.788585 |              0.775828 |
|      17 |     0.715351 |          0.784282 |         0.778264 |              0.766177 |
|      18 |     0.708044 |          0.718107 |         0.785371 |              0.770125 |
|      19 |     0.708075 |          0.72164  |         0.783232 |              0.77925  |
|      20 |     0.709465 |          0.744124 |         0.777222 |              0.776047 |
|      21 |     0.722274 |          0.744423 |         0.782147 |              0.766265 |
|      22 |     0.698348 |          0.621445 |         0.788585 |              0.773678 |
|      23 |     0.591611 |          0.598868 |         0.789638 |              0.775477 |
|      24 |     0.585908 |          0.602341 |         0.788289 |              0.773766 |
|      25 |     0.588285 |          0.611321 |         0.783594 |              0.769379 |
|      26 |     0.585491 |          0.610497 |         0.783002 |              0.767581 |
|      27 |     0.578071 |          0.593065 |         0.778922 |              0.764159 |
|      28 |     0.577893 |          0.594197 |         0.785788 |              0.770301 |
|      29 |     0.596685 |          0.646382 |         0.775588 |              0.756394 |
|      30 |     0.977988 |          1.66422  |         0.464497 |              0.439263 |
|      31 |     1.59802  |          1.62547  |         0.460604 |              0.434964 |
|      32 |     1.34861  |          1.33182  |         0.458531 |              0.423382 |
|      33 |     1.27339  |          1.31354  |         0.460033 |              0.434306 |
|      34 |     1.26499  |          1.31147  |         0.463916 |              0.437684 |
|      35 |     1.25916  |          1.31204  |         0.459101 |              0.424304 |
|      36 |     1.25691  |          1.30311  |         0.460604 |              0.435227 |
|      37 |     1.25515  |          1.30209  |         0.464486 |              0.438298 |
|      38 |     1.25352  |          1.30618  |         0.455218 |              0.421233 |
|      39 |     1.24981  |          1.31009  |         0.454648 |              0.420619 |
|      40 |     1.24941  |          1.29818  |         0.458531 |              0.423689 |
|      41 |     1.24618  |          1.29149  |         0.463916 |              0.437377 |
|      42 |     1.2438   |          1.29605  |         0.458531 |              0.423382 |
|      43 |     1.24293  |          1.29267  |         0.454648 |              0.420619 |
|      44 |     1.24285  |          1.29316  |         0.454648 |              0.420619 |
|      45 |     1.24101  |          1.29057  |         0.460044 |              0.43435  |
|      46 |     1.24053  |          1.2925   |         0.458542 |              0.423426 |
|      47 |     1.24006  |          1.29353  |         0.458531 |              0.423382 |
|      48 |     1.23925  |          1.2883   |         0.458531 |              0.423689 |
|      49 |     1.23778  |          1.28605  |         0.455218 |              0.421233 |
|      50 |     1.23725  |          1.28838  |         0.459101 |              0.423996 |
|      51 |     1.23627  |          1.28744  |         0.455218 |              0.420926 |
|      52 |     1.23588  |          1.28942  |         0.459101 |              0.423996 |
|      53 |     1.23654  |          1.28766  |         0.459101 |              0.423996 |
|      54 |     1.23477  |          1.28235  |         0.455218 |              0.420926 |
|      55 |     1.23539  |          1.28483  |         0.455218 |              0.421233 |
|      56 |     1.23549  |          1.28413  |         0.455218 |              0.421233 |
|      57 |     1.2341   |          1.28465  |         0.459101 |              0.423996 |
|      58 |     1.23487  |          1.28156  |         0.459112 |              0.424216 |
|      59 |     1.23518  |          1.28416  |         0.455218 |              0.420926 |
|      60 |     1.23405  |          1.28092  |         0.460604 |              0.43492  |
|      61 |     1.23416  |          1.28323  |         0.459112 |              0.424216 |
|      62 |     1.23365  |          1.28095  |         0.459101 |              0.423996 |
|      63 |     1.23321  |          1.27994  |         0.459101 |              0.423996 |
|      64 |     1.23375  |          1.28519  |         0.459101 |              0.423996 |
|      65 |     1.23311  |          1.28289  |         0.459101 |              0.423996 |
|      66 |     1.23354  |          1.27905  |         0.459101 |              0.425225 |
|      67 |     1.23306  |          1.28359  |         0.455218 |              0.420926 |
|      68 |     1.2333   |          1.28158  |         0.459101 |              0.424172 |
|      69 |     1.23273  |          1.28498  |         0.451665 |              0.417284 |
|      70 |     1.2333   |          1.28315  |         0.455218 |              0.420926 |
|      71 |     1.23296  |          1.28001  |         0.459101 |              0.424172 |
|      72 |     1.23278  |          1.28287  |         0.455218 |              0.420926 |
|      73 |     1.23373  |          1.28373  |         0.459101 |              0.425225 |
|      74 |     1.23233  |          1.27936  |         0.459101 |              0.424172 |
|      75 |     1.23228  |          1.27856  |         0.460615 |              0.434964 |
|      76 |     1.23181  |          1.27931  |         0.455229 |              0.42097  |
|      77 |     1.23188  |          1.27951  |         0.459112 |              0.424216 |
|      78 |     1.23237  |          1.27794  |         0.455229 |              0.422198 |
|      79 |     1.23231  |          1.28027  |         0.459101 |              0.424172 |
|      80 |     1.23196  |          1.27926  |         0.460615 |              0.435008 |
|      81 |     1.23228  |          1.28336  |         0.460604 |              0.434964 |
|      82 |     1.23186  |          1.28097  |         0.455229 |              0.421013 |
|      83 |     1.23236  |          1.27847  |         0.460615 |              0.434964 |
|      84 |     1.23165  |          1.27826  |         0.459101 |              0.42404  |
|      85 |     1.23201  |          1.28008  |         0.455218 |              0.42097  |
|      86 |     1.23094  |          1.27972  |         0.459112 |              0.424216 |
|      87 |     1.23185  |          1.28256  |         0.455218 |              0.420926 |
|      88 |     1.23166  |          1.27617  |         0.455229 |              0.421145 |
|      89 |     1.23154  |          1.28022  |         0.455229 |              0.422198 |
|      90 |     1.23116  |          1.27734  |         0.459112 |              0.424216 |
|      91 |     1.23135  |          1.27979  |         0.464497 |              0.43821  |
|      92 |     1.23127  |          1.27785  |         0.455229 |              0.421145 |
|      93 |     1.23143  |          1.27864  |         0.455229 |              0.421145 |
|      94 |     1.23162  |          1.28185  |         0.459112 |              0.424216 |
|      95 |     1.23161  |          1.27949  |         0.455229 |              0.421145 |
|      96 |     1.23169  |          1.28081  |         0.459112 |              0.424216 |
|      97 |     1.23099  |          1.27708  |         0.455229 |              0.421145 |
|      98 |     1.23108  |          1.27789  |         0.455229 |              0.421145 |
|      99 |     1.23129  |          1.27645  |         0.455229 |              0.421145 |
|     100 |     1.23037  |          1.28441  |         0.455229 |              0.421145 |

########## Model 8 ##########

Test Accuracy: 48.39140658401026


|   Epoch |   Train Loss |   Validation Loss |   Train Accuracy |   Validation Accuracy |
|---------|--------------|-------------------|------------------|-----------------------|
|       1 |      1.6061  |           1.52194 |         0.400401 |              0.380083 |
|       2 |      1.42714 |           1.36875 |         0.447969 |              0.426804 |
|       3 |      1.3085  |           1.32508 |         0.464497 |              0.438342 |
|       4 |      1.27279 |           1.30596 |         0.458531 |              0.423689 |
|       5 |      1.25389 |           1.29982 |         0.454648 |              0.420619 |
|       6 |      1.22104 |           1.24644 |         0.475103 |              0.456153 |
|       7 |      1.21    |           1.24627 |         0.475432 |              0.457337 |
|       8 |      1.20643 |           1.24432 |         0.475432 |              0.456416 |
|       9 |      1.19587 |           1.22091 |         0.500384 |              0.486379 |
|      10 |      1.15752 |           1.18695 |         0.523526 |              0.503575 |
|      11 |      1.13323 |           1.12313 |         0.54703  |              0.535995 |
|      12 |      1.10811 |           1.14908 |         0.539331 |              0.524501 |
|      13 |      1.11592 |           1.13932 |         0.538585 |              0.52937  |
|      14 |      1.09517 |           1.13679 |         0.539331 |              0.524501 |
|      15 |      1.09273 |           1.10471 |         0.551406 |              0.540294 |
|      16 |      1.08281 |           1.09939 |         0.551472 |              0.539943 |
|      17 |      1.09903 |           1.13802 |         0.539572 |              0.526212 |
|      18 |      1.09907 |           1.12559 |         0.539298 |              0.529414 |
|      19 |      1.09892 |           1.13319 |         0.535481 |              0.521474 |
|      20 |      1.09874 |           1.12184 |         0.535481 |              0.522395 |
|      21 |      1.11071 |           1.16325 |         0.523669 |              0.50397  |
|      22 |      1.13227 |           1.19955 |         0.493167 |              0.482694 |
|      23 |      1.16931 |           1.19953 |         0.489997 |              0.469138 |
|      24 |      1.15801 |           1.20206 |         0.497061 |              0.484185 |
|      25 |      1.16976 |           1.22163 |         0.475421 |              0.456679 |
|      26 |      1.17049 |           1.20338 |         0.500943 |              0.487256 |
|      27 |      1.1693  |           1.19788 |         0.489997 |              0.469138 |
|      28 |      1.16508 |           1.19716 |         0.500943 |              0.487256 |
|      29 |      1.16552 |           1.19647 |         0.500943 |              0.488177 |
|      30 |      1.16465 |           1.19605 |         0.486115 |              0.466067 |
|      31 |      1.16628 |           1.19714 |         0.489997 |              0.469138 |
|      32 |      1.16398 |           1.19823 |         0.489997 |              0.469138 |
|      33 |      1.1639  |           1.19701 |         0.489997 |              0.470059 |
|      34 |      1.16424 |           1.19838 |         0.489997 |              0.470059 |
|      35 |      1.16361 |           1.1944  |         0.500943 |              0.488177 |
|      36 |      1.16914 |           1.20032 |         0.489997 |              0.470059 |
|      37 |      1.16392 |           1.19387 |         0.497061 |              0.485106 |
|      38 |      1.16331 |           1.19563 |         0.500943 |              0.488177 |
|      39 |      1.16679 |           1.19609 |         0.497061 |              0.485106 |
|      40 |      1.1629  |           1.19334 |         0.500943 |              0.488177 |
|      41 |      1.16294 |           1.19836 |         0.489997 |              0.470059 |
|      42 |      1.17139 |           1.19875 |         0.489997 |              0.470059 |
|      43 |      1.16574 |           1.21897 |         0.475421 |              0.4576   |
|      44 |      1.17161 |           1.19834 |         0.500943 |              0.488177 |
|      45 |      1.17758 |           1.22381 |         0.45909  |              0.425488 |
|      46 |      1.17255 |           1.22037 |         0.45909  |              0.425488 |
|      47 |      1.17605 |           1.22216 |         0.470036 |              0.443606 |
|      48 |      1.18465 |           1.22239 |         0.475421 |              0.4576   |
|      49 |      1.18426 |           1.22179 |         0.464475 |              0.439482 |
|      50 |      1.18422 |           1.21726 |         0.475421 |              0.4576   |
|      51 |      1.18419 |           1.21871 |         0.471539 |              0.45453  |
|      52 |      1.18467 |           1.21773 |         0.466164 |              0.440579 |
|      53 |      1.18385 |           1.2197  |         0.459101 |              0.425532 |
|      54 |      1.18307 |           1.21731 |         0.475432 |              0.457644 |
|      55 |      1.18292 |           1.22023 |         0.475432 |              0.457644 |
|      56 |      1.1667  |           1.19448 |         0.500943 |              0.488177 |
|      57 |      1.16173 |           1.19419 |         0.497061 |              0.485106 |
|      58 |      1.16378 |           1.19206 |         0.500954 |              0.488221 |
|      59 |      1.16492 |           1.21555 |         0.475432 |              0.457644 |
|      60 |      1.16776 |           1.19007 |         0.500954 |              0.488221 |
|      61 |      1.16049 |           1.19118 |         0.500954 |              0.488221 |
|      62 |      1.16087 |           1.19133 |         0.497072 |              0.48515  |
|      63 |      1.15967 |           1.19551 |         0.500954 |              0.488221 |
|      64 |      1.16359 |           1.19251 |         0.500954 |              0.488221 |
|      65 |      1.16121 |           1.22002 |         0.464486 |              0.438605 |
|      66 |      1.16228 |           1.1902  |         0.500965 |              0.488221 |
|      67 |      1.16069 |           1.18883 |         0.500965 |              0.488221 |
|      68 |      1.15985 |           1.19736 |         0.500965 |              0.488221 |
|      69 |      1.16054 |           1.19044 |         0.500965 |              0.4873   |
|      70 |      1.16031 |           1.19135 |         0.500965 |              0.488221 |
|      71 |      1.15978 |           1.19008 |         0.500965 |              0.488221 |
|      72 |      1.16029 |           1.1914  |         0.500965 |              0.488221 |
|      73 |      1.16358 |           1.21505 |         0.475432 |              0.457644 |
|      74 |      1.17357 |           1.21734 |         0.470047 |              0.44365  |
|      75 |      1.17863 |           1.22175 |         0.464486 |              0.439526 |
|      76 |      1.17835 |           1.21602 |         0.475432 |              0.456723 |
|      77 |      1.18075 |           1.22112 |         0.47155  |              0.454573 |
|      78 |      1.18216 |           1.21886 |         0.475432 |              0.457644 |
|      79 |      1.18091 |           1.21659 |         0.47155  |              0.454573 |
|      80 |      1.18241 |           1.21639 |         0.475432 |              0.457644 |
|      81 |      1.18248 |           1.21605 |         0.47155  |              0.454573 |
|      82 |      1.18287 |           1.21652 |         0.466164 |              0.439658 |
|      83 |      1.18325 |           1.19571 |         0.500965 |              0.488221 |
|      84 |      1.18109 |           1.2166  |         0.475443 |              0.457644 |
|      85 |      1.18202 |           1.21817 |         0.475432 |              0.457644 |
|      86 |      1.1818  |           1.22512 |         0.475443 |              0.457644 |
|      87 |      1.18328 |           1.22166 |         0.45909  |              0.425488 |
|      88 |      1.18166 |           1.21866 |         0.47156  |              0.454573 |
|      89 |      1.18207 |           1.21576 |         0.475432 |              0.457644 |
|      90 |      1.18157 |           1.21557 |         0.475432 |              0.4576   |
|      91 |      1.18185 |           1.21536 |         0.475443 |              0.457644 |
|      92 |      1.18056 |           1.19564 |         0.500965 |              0.488221 |
|      93 |      1.18123 |           1.21452 |         0.475432 |              0.457644 |
|      94 |      1.1816  |           1.21752 |         0.470047 |              0.44365  |
|      95 |      1.18244 |           1.21645 |         0.475443 |              0.457644 |
|      96 |      1.1818  |           1.2219  |         0.470058 |              0.44365  |
|      97 |      1.18203 |           1.21402 |         0.475443 |              0.457644 |
|      98 |      1.18159 |           1.21399 |         0.475432 |              0.457644 |
|      99 |      1.18219 |           1.21687 |         0.47155  |              0.454573 |
|     100 |      1.18107 |           1.2194  |         0.475443 |              0.457644 |

########## Model 9 ##########

Test Accuracy: 78.81929599543965


|   Epoch |   Train Loss |   Validation Loss |   Train Accuracy |   Validation Accuracy |
|---------|--------------|-------------------|------------------|-----------------------|
|       1 |     1.40345  |          0.801419 |         0.759202 |              0.747006 |
|       2 |     0.696489 |          0.654046 |         0.776619 |              0.764905 |
|       3 |     0.605713 |          0.606656 |         0.792171 |              0.784163 |
|       4 |     0.580067 |          0.608584 |         0.783989 |              0.776135 |
|       5 |     0.56845  |          0.581636 |         0.789714 |              0.782803 |
|       6 |     0.556469 |          0.572637 |         0.798193 |              0.791753 |
|       7 |     0.554311 |          0.568674 |         0.804269 |              0.797456 |
|       8 |     0.561102 |          0.559848 |         0.79907  |              0.790612 |
|       9 |     0.550723 |          0.56864  |         0.794014 |              0.78741  |
|      10 |     0.543714 |          0.557688 |         0.796701 |              0.79048  |
|      11 |     0.541498 |          0.592716 |         0.78626  |              0.780522 |
|      12 |     0.529935 |          0.558907 |         0.799245 |              0.793376 |
|      13 |     0.529588 |          0.54837  |         0.799849 |              0.791928 |
|      14 |     0.527207 |          0.55419  |         0.799443 |              0.793156 |
|      15 |     0.522589 |          0.550615 |         0.799498 |              0.79206  |
|      16 |     0.51817  |          0.545207 |         0.795834 |              0.785523 |
|      17 |     0.51674  |          0.543866 |         0.798368 |              0.791226 |
|      18 |     0.516534 |          0.546005 |         0.796975 |              0.787936 |
|      19 |     0.514001 |          0.544175 |         0.804071 |              0.793113 |
|      20 |     0.513293 |          0.542268 |         0.799574 |              0.790305 |
|      21 |     0.51309  |          0.547127 |         0.798631 |              0.788901 |
|      22 |     0.512434 |          0.54447  |         0.805442 |              0.795043 |
|      23 |     0.510949 |          0.539143 |         0.80054  |              0.790173 |
|      24 |     0.510017 |          0.542778 |         0.800342 |              0.790261 |
|      25 |     0.509713 |          0.540614 |         0.807263 |              0.798114 |
|      26 |     0.508872 |          0.537942 |         0.800222 |              0.792805 |
|      27 |     0.507573 |          0.539747 |         0.80009  |              0.791051 |
|      28 |     0.50772  |          0.53648  |         0.805431 |              0.797938 |
|      29 |     0.507891 |          0.541257 |         0.801724 |              0.792586 |
|      30 |     0.506723 |          0.554646 |         0.801253 |              0.792191 |
|      31 |     0.506386 |          0.536135 |         0.805289 |              0.795087 |
|      32 |     0.505046 |          0.535807 |         0.805607 |              0.79807  |
|      33 |     0.502794 |          0.53535  |         0.805596 |              0.795087 |
|      34 |     0.503055 |          0.545975 |         0.80066  |              0.793507 |
|      35 |     0.501651 |          0.534594 |         0.808393 |              0.800395 |
|      36 |     0.499858 |          0.536593 |         0.803918 |              0.796052 |
|      37 |     0.499982 |          0.534761 |         0.802009 |              0.792762 |
|      38 |     0.498825 |          0.537353 |         0.801033 |              0.790744 |
|      39 |     0.498302 |          0.529795 |         0.808546 |              0.80079  |
|      40 |     0.497628 |          0.53641  |         0.8053   |              0.797675 |
|      41 |     0.49671  |          0.535348 |         0.805903 |              0.795832 |
|      42 |     0.496019 |          0.53146  |         0.808469 |              0.797894 |
|      43 |     0.495799 |          0.528378 |         0.809566 |              0.799166 |
|      44 |     0.495302 |          0.530237 |         0.808513 |              0.800834 |
|      45 |     0.493748 |          0.52906  |         0.806188 |              0.798508 |
|      46 |     0.493906 |          0.53443  |         0.807669 |              0.796841 |
|      47 |     0.493643 |          0.529152 |         0.807307 |              0.800263 |
|      48 |     0.493739 |          0.529914 |         0.808195 |              0.797105 |
|      49 |     0.493002 |          0.536493 |         0.808524 |              0.799912 |
|      50 |     0.493363 |          0.539294 |         0.808447 |              0.799693 |
|      51 |     0.49382  |          0.526765 |         0.804718 |              0.798728 |
|      52 |     0.494099 |          0.52945  |         0.806254 |              0.79614  |
|      53 |     0.494494 |          0.531471 |         0.806034 |              0.795789 |
|      54 |     0.49545  |          0.533196 |         0.803391 |              0.79206  |
|      55 |     0.492329 |          0.527938 |         0.806067 |              0.799298 |
|      56 |     0.49246  |          0.524233 |         0.805004 |              0.79592  |
|      57 |     0.492897 |          0.526775 |         0.805629 |              0.795701 |
|      58 |     0.491709 |          0.536142 |         0.805815 |              0.795964 |
|      59 |     0.491972 |          0.529553 |         0.805354 |              0.795131 |
|      60 |     0.492353 |          0.529147 |         0.801954 |              0.793771 |
|      61 |     0.491122 |          0.528032 |         0.806078 |              0.796403 |
|      62 |     0.491447 |          0.522526 |         0.805914 |              0.798859 |
|      63 |     0.492095 |          0.526829 |         0.802437 |              0.793946 |
|      64 |     0.490898 |          0.526764 |         0.806188 |              0.798552 |
|      65 |     0.490515 |          0.527633 |         0.806517 |              0.797456 |
|      66 |     0.489896 |          0.533052 |         0.804839 |              0.795174 |
|      67 |     0.491308 |          0.523375 |         0.805914 |              0.795701 |
|      68 |     0.490464 |          0.522379 |         0.806199 |              0.798026 |
|      69 |     0.4904   |          0.527739 |         0.805662 |              0.79535  |
|      70 |     0.489447 |          0.52757  |         0.806155 |              0.795613 |
|      71 |     0.490177 |          0.52696  |         0.805903 |              0.795701 |
|      72 |     0.489284 |          0.526351 |         0.806243 |              0.798947 |
|      73 |     0.48906  |          0.523807 |         0.806309 |              0.797807 |
|      74 |     0.488799 |          0.52646  |         0.8061   |              0.798157 |
|      75 |     0.489038 |          0.52524  |         0.806122 |              0.798684 |
|      76 |     0.48818  |          0.528296 |         0.806243 |              0.796008 |
|      77 |     0.488275 |          0.533258 |         0.805596 |              0.795174 |
|      78 |     0.489355 |          0.52859  |         0.805969 |              0.795876 |
|      79 |     0.48823  |          0.525447 |         0.8061   |              0.798596 |
|      80 |     0.488207 |          0.525605 |         0.806934 |              0.79785  |
|      81 |     0.48763  |          0.521698 |         0.805903 |              0.798377 |
|      82 |     0.487948 |          0.528425 |         0.806539 |              0.796008 |
|      83 |     0.487855 |          0.525205 |         0.806517 |              0.796754 |
|      84 |     0.487161 |          0.525637 |         0.8061   |              0.79785  |
|      85 |     0.487121 |          0.520996 |         0.806385 |              0.795745 |
|      86 |     0.488028 |          0.524317 |         0.806605 |              0.79807  |
|      87 |     0.487201 |          0.521314 |         0.806342 |              0.799035 |
|      88 |     0.487193 |          0.520753 |         0.806298 |              0.798728 |
|      89 |     0.486967 |          0.521152 |         0.80598  |              0.798026 |
|      90 |     0.487054 |          0.523472 |         0.806199 |              0.79785  |
|      91 |     0.486596 |          0.521257 |         0.802755 |              0.795569 |
|      92 |     0.486553 |          0.522269 |         0.80655  |              0.796754 |
|      93 |     0.486182 |          0.52669  |         0.806385 |              0.795569 |
|      94 |     0.486377 |          0.523047 |         0.806287 |              0.796052 |
|      95 |     0.486306 |          0.518859 |         0.806528 |              0.796534 |
|      96 |     0.486345 |          0.526518 |         0.806539 |              0.798596 |
|      97 |     0.486885 |          0.523219 |         0.806385 |              0.797324 |
|      98 |     0.486329 |          0.526129 |         0.806429 |              0.798201 |
|      99 |     0.486108 |          0.522664 |         0.806506 |              0.798859 |
|     100 |     0.486729 |          0.528566 |         0.802207 |              0.79456  |

########## Model 10 ##########

Test Accuracy: 75.13538549237566


|   Epoch |   Train Loss |   Validation Loss |   Train Accuracy |   Validation Accuracy |
|---------|--------------|-------------------|------------------|-----------------------|
|       1 |     1.32214  |          0.898675 |         0.711668 |              0.698223 |
|       2 |     0.794979 |          0.855659 |         0.704999 |              0.692389 |
|       3 |     0.757338 |          0.722255 |         0.773021 |              0.759421 |
|       4 |     0.674761 |          0.653204 |         0.771705 |              0.762316 |
|       5 |     0.609105 |          0.612319 |         0.783704 |              0.768283 |
|       6 |     0.585781 |          0.6078   |         0.778955 |              0.766089 |
|       7 |     0.578811 |          0.600639 |         0.786687 |              0.772757 |
|       8 |     0.574849 |          0.60384  |         0.784494 |              0.770257 |
|       9 |     0.5684   |          0.578218 |         0.790548 |              0.777013 |
|      10 |     0.562011 |          0.617535 |         0.776652 |              0.761746 |
|      11 |     0.579186 |          0.618991 |         0.783627 |              0.7746   |
|      12 |     0.583292 |          0.587466 |         0.793959 |              0.786927 |
|      13 |     0.565206 |          0.599109 |         0.789901 |              0.782496 |
|      14 |     0.576809 |          0.600743 |         0.782552 |              0.775653 |
|      15 |     0.568378 |          0.569332 |         0.796843 |              0.78912  |
|      16 |     0.565873 |          0.655751 |         0.771585 |              0.758368 |
|      17 |     0.556572 |          0.572099 |         0.798094 |              0.789954 |
|      18 |     0.554269 |          0.590673 |         0.789736 |              0.78061  |
|      19 |     0.548023 |          0.560126 |         0.799695 |              0.791402 |
|      20 |     0.544329 |          0.5626   |         0.79941  |              0.791226 |
|      21 |     0.55524  |          0.552229 |         0.801987 |              0.794253 |
|      22 |     0.537758 |          0.55487  |         0.801527 |              0.793244 |
|      23 |     0.52869  |          0.63452  |         0.774952 |              0.762097 |
|      24 |     0.563619 |          0.553817 |         0.800978 |              0.792016 |
|      25 |     0.553788 |          0.595509 |         0.784505 |              0.774863 |
|      26 |     0.588434 |          0.625275 |         0.772221 |              0.759245 |
|      27 |     0.571758 |          0.635585 |         0.774853 |              0.761702 |
|      28 |     0.58645  |          0.55757  |         0.800649 |              0.792762 |
|      29 |     0.566931 |          0.628228 |         0.773197 |              0.759684 |
|      30 |     0.599546 |          0.634474 |         0.771848 |              0.757535 |
|      31 |     0.59903  |          0.632723 |         0.772111 |              0.758105 |
|      32 |     0.600786 |          0.635604 |         0.770411 |              0.756306 |
|      33 |     0.603829 |          0.63065  |         0.775138 |              0.760869 |
|      34 |     0.601104 |          0.634506 |         0.769972 |              0.755648 |
|      35 |     0.604912 |          0.637785 |         0.769972 |              0.75556  |
|      36 |     0.606503 |          0.634507 |         0.76949  |              0.755473 |
|      37 |     0.606925 |          0.642764 |         0.769939 |              0.755648 |
|      38 |     0.605268 |          0.637689 |         0.769819 |              0.75556  |
|      39 |     0.606356 |          0.638421 |         0.769402 |              0.755341 |
|      40 |     0.605182 |          0.641182 |         0.76972  |              0.755078 |
|      41 |     0.605021 |          0.638405 |         0.769621 |              0.75578  |
|      42 |     0.60501  |          0.637667 |         0.76847  |              0.753762 |
|      43 |     0.603946 |          0.634543 |         0.769687 |              0.755604 |
|      44 |     0.604273 |          0.634879 |         0.769643 |              0.755473 |
|      45 |     0.603046 |          0.632249 |         0.769731 |              0.755604 |
|      46 |     0.603361 |          0.634961 |         0.769545 |              0.755648 |
|      47 |     0.602453 |          0.6302   |         0.769764 |              0.755692 |
|      48 |     0.602302 |          0.633684 |         0.769621 |              0.75578  |
|      49 |     0.602279 |          0.631584 |         0.769786 |              0.755868 |
|      50 |     0.60169  |          0.634556 |         0.76949  |              0.755385 |
|      51 |     0.603536 |          0.63604  |         0.769753 |              0.75556  |
|      52 |     0.601928 |          0.638532 |         0.767274 |              0.7542   |
|      53 |     0.601556 |          0.640121 |         0.769534 |              0.75578  |
|      54 |     0.601322 |          0.633434 |         0.770707 |              0.756218 |
|      55 |     0.601062 |          0.632873 |         0.769567 |              0.755604 |
|      56 |     0.601518 |          0.633935 |         0.769479 |              0.755429 |
|      57 |     0.600093 |          0.631801 |         0.769654 |              0.75578  |
|      58 |     0.601204 |          0.638713 |         0.770477 |              0.756394 |
|      59 |     0.600954 |          0.631666 |         0.769896 |              0.755824 |
|      60 |     0.598995 |          0.636885 |         0.769775 |              0.755692 |
|      61 |     0.599282 |          0.629582 |         0.769457 |              0.755385 |
|      62 |     0.598683 |          0.628249 |         0.76949  |              0.755692 |
|      63 |     0.600045 |          0.633861 |         0.770894 |              0.757403 |
|      64 |     0.599614 |          0.636386 |         0.769457 |              0.755429 |
|      65 |     0.600129 |          0.629815 |         0.770181 |              0.75635  |
|      66 |     0.60057  |          0.632953 |         0.769479 |              0.755517 |
|      67 |     0.600876 |          0.631731 |         0.76949  |              0.75556  |
|      68 |     0.600925 |          0.634499 |         0.769643 |              0.755911 |
|      69 |     0.600172 |          0.634533 |         0.769512 |              0.755517 |
|      70 |     0.598105 |          0.631926 |         0.769534 |              0.75556  |
|      71 |     0.599283 |          0.630189 |         0.773416 |              0.760211 |
|      72 |     0.597494 |          0.634508 |         0.76949  |              0.755517 |
|      73 |     0.598907 |          0.631758 |         0.769424 |              0.755473 |
|      74 |     0.599893 |          0.630036 |         0.769501 |              0.755517 |
|      75 |     0.599698 |          0.631866 |         0.769446 |              0.755473 |
|      76 |     0.599252 |          0.637193 |         0.769742 |              0.755517 |
|      77 |     0.600062 |          0.63467  |         0.769731 |              0.755253 |
|      78 |     0.599045 |          0.63097  |         0.769501 |              0.755604 |
|      79 |     0.597305 |          0.6274   |         0.770027 |              0.756482 |
|      80 |     0.596616 |          0.629851 |         0.769786 |              0.755604 |
|      81 |     0.597762 |          0.63529  |         0.769764 |              0.755429 |
|      82 |     0.597878 |          0.634819 |         0.769654 |              0.755429 |
|      83 |     0.598328 |          0.631712 |         0.769731 |              0.755429 |
|      84 |     0.598915 |          0.638046 |         0.769983 |              0.755911 |
|      85 |     0.59787  |          0.630983 |         0.76972  |              0.755473 |
|      86 |     0.597878 |          0.635951 |         0.75952  |              0.735819 |
|      87 |     0.597769 |          0.632322 |         0.769786 |              0.755604 |
|      88 |     0.597194 |          0.629935 |         0.771574 |              0.758236 |
|      89 |     0.596231 |          0.634116 |         0.765827 |              0.752533 |
|      90 |     0.596562 |          0.629609 |         0.769775 |              0.755604 |
|      91 |     0.597607 |          0.634613 |         0.769742 |              0.755824 |
|      92 |     0.597056 |          0.635841 |         0.76995  |              0.755911 |
|      93 |     0.597913 |          0.631018 |         0.769654 |              0.756087 |
|      94 |     0.596916 |          0.632893 |         0.769709 |              0.755604 |
|      95 |     0.595849 |          0.634505 |         0.769764 |              0.75556  |
|      96 |     0.59614  |          0.634061 |         0.77017  |              0.756087 |
|      97 |     0.596817 |          0.631056 |         0.769501 |              0.755604 |
|      98 |     0.596948 |          0.630443 |         0.769808 |              0.755604 |
|      99 |     0.595397 |          0.633319 |         0.769852 |              0.755868 |
|     100 |     0.596238 |          0.636055 |         0.769676 |              0.755648 |

