Number of Models: 10
Test Accuracies: [80.71878279118573, 74.31794333683106, 70.85519412381952, 66.2906610703043, 79.74816369359917, 75.65582371458552, 79.74816369359917, 75.1311647429171, 78.09548793284365, 71.79958027282267]
Mean Accuracy: 75.23609653725079
Standard Deviation: 4.606835746153762
Total Time: 0:20:56.096788



########## Model 1 ##########

Test Accuracy: 80.71878279118573


|   Epoch |   Train Loss |   Validation Loss |   Train Accuracy |   Validation Accuracy |
|---------|--------------|-------------------|------------------|-----------------------|
|       1 |     1.38577  |          0.665514 |         0.694184 |              0.697028 |
|       2 |     0.639296 |          0.601197 |         0.726979 |              0.722868 |
|       3 |     0.561776 |          0.486617 |         0.810178 |              0.812016 |
|       4 |     0.467379 |          0.441181 |         0.795638 |              0.793928 |
|       5 |     0.454498 |          0.446129 |         0.785137 |              0.777132 |
|       6 |     0.436511 |          0.433516 |         0.798384 |              0.802326 |
|       7 |     0.427479 |          0.424452 |         0.785137 |              0.777132 |
|       8 |     0.427647 |          0.428002 |         0.795638 |              0.793928 |
|       9 |     0.423456 |          0.39888  |         0.821648 |              0.819767 |
|      10 |     0.417431 |          0.415195 |         0.824879 |              0.828811 |
|      11 |     0.411038 |          0.39449  |         0.821809 |              0.821705 |
|      12 |     0.419116 |          0.407218 |         0.821648 |              0.819767 |
|      13 |     0.414631 |          0.404348 |         0.824394 |              0.828165 |
|      14 |     0.410661 |          0.410735 |         0.822132 |              0.820413 |
|      15 |     0.407387 |          0.40694  |         0.795638 |              0.793928 |
|      16 |     0.434433 |          0.418086 |         0.821809 |              0.821705 |
|      17 |     0.43261  |          0.421062 |         0.822132 |              0.820413 |
|      18 |     0.409872 |          0.40182  |         0.824879 |              0.828811 |
|      19 |     0.408468 |          0.404049 |         0.824879 |              0.828811 |
|      20 |     0.416158 |          0.423985 |         0.822294 |              0.826873 |
|      21 |     0.407429 |          0.411519 |         0.824879 |              0.828811 |
|      22 |     0.407293 |          0.403783 |         0.824879 |              0.828811 |
|      23 |     0.40849  |          0.40313  |         0.821648 |              0.819767 |
|      24 |     0.407085 |          0.398192 |         0.824879 |              0.828811 |
|      25 |     0.406259 |          0.402747 |         0.824879 |              0.828811 |
|      26 |     0.404691 |          0.402271 |         0.822132 |              0.820413 |
|      27 |     0.406181 |          0.393817 |         0.824394 |              0.828165 |
|      28 |     0.40849  |          0.396012 |         0.824879 |              0.828811 |
|      29 |     0.402028 |          0.399352 |         0.824879 |              0.828811 |
|      30 |     0.404487 |          0.407863 |         0.824879 |              0.828811 |
|      31 |     0.407228 |          0.397852 |         0.824394 |              0.828165 |
|      32 |     0.404582 |          0.397503 |         0.825202 |              0.827519 |
|      33 |     0.402597 |          0.399913 |         0.824394 |              0.828165 |
|      34 |     0.404196 |          0.410202 |         0.822132 |              0.820413 |
|      35 |     0.40336  |          0.395214 |         0.825202 |              0.827519 |
|      36 |     0.403535 |          0.397895 |         0.798384 |              0.802326 |
|      37 |     0.405886 |          0.404394 |         0.824879 |              0.828811 |
|      38 |     0.404853 |          0.392547 |         0.825202 |              0.827519 |
|      39 |     0.404333 |          0.40004  |         0.824394 |              0.828165 |
|      40 |     0.403586 |          0.400925 |         0.824879 |              0.828811 |
|      41 |     0.403077 |          0.395515 |         0.824879 |              0.828811 |
|      42 |     0.402685 |          0.401597 |         0.822132 |              0.820413 |
|      43 |     0.405665 |          0.402444 |         0.798384 |              0.802326 |
|      44 |     0.401971 |          0.396514 |         0.825202 |              0.827519 |
|      45 |     0.403465 |          0.400567 |         0.824394 |              0.828165 |
|      46 |     0.402002 |          0.40058  |         0.822132 |              0.820413 |
|      47 |     0.403544 |          0.394928 |         0.824879 |              0.828811 |
|      48 |     0.418312 |          0.473369 |         0.798384 |              0.799742 |
|      49 |     0.419404 |          0.397277 |         0.821809 |              0.821705 |
|      50 |     0.405357 |          0.399368 |         0.824394 |              0.828165 |
|      51 |     0.403609 |          0.40112  |         0.824879 |              0.828811 |
|      52 |     0.403481 |          0.410866 |         0.824879 |              0.828811 |
|      53 |     0.405458 |          0.403329 |         0.821648 |              0.819767 |
|      54 |     0.402221 |          0.394401 |         0.824879 |              0.828811 |
|      55 |     0.401769 |          0.395482 |         0.824879 |              0.828811 |
|      56 |     0.402773 |          0.40515  |         0.821648 |              0.819767 |
|      57 |     0.402198 |          0.396894 |         0.824879 |              0.828811 |
|      58 |     0.41536  |          0.40555  |         0.824879 |              0.828811 |
|      59 |     0.405837 |          0.406067 |         0.795638 |              0.793928 |
|      60 |     0.413227 |          0.440603 |         0.811147 |              0.813953 |
|      61 |     0.433715 |          0.435994 |         0.810339 |              0.814599 |
|      62 |     0.430885 |          0.430784 |         0.808078 |              0.806848 |
|      63 |     0.437003 |          0.432742 |         0.810824 |              0.815245 |
|      64 |     0.436491 |          0.427267 |         0.811147 |              0.813953 |
|      65 |     0.436782 |          0.429095 |         0.810339 |              0.814599 |
|      66 |     0.436331 |          0.431816 |         0.811147 |              0.813953 |
|      67 |     0.435687 |          0.430204 |         0.811147 |              0.813953 |
|      68 |     0.437846 |          0.430702 |         0.808078 |              0.806848 |
|      69 |     0.446735 |          0.400318 |         0.824879 |              0.828811 |
|      70 |     0.405282 |          0.397605 |         0.824879 |              0.828811 |
|      71 |     0.419748 |          0.397667 |         0.824879 |              0.828811 |
|      72 |     0.418942 |          0.437693 |         0.808239 |              0.807494 |
|      73 |     0.404167 |          0.397533 |         0.824879 |              0.828811 |
|      74 |     0.409608 |          0.393687 |         0.824879 |              0.828811 |
|      75 |     0.401173 |          0.396236 |         0.822132 |              0.820413 |
|      76 |     0.404903 |          0.399004 |         0.798223 |              0.800388 |
|      77 |     0.413888 |          0.393622 |         0.825202 |              0.827519 |
|      78 |     0.414027 |          0.431218 |         0.808078 |              0.806848 |
|      79 |     0.424688 |          0.437587 |         0.811147 |              0.813953 |
|      80 |     0.437053 |          0.43358  |         0.810339 |              0.814599 |
|      81 |     0.436436 |          0.425488 |         0.811147 |              0.813953 |
|      82 |     0.428715 |          0.43572  |         0.810824 |              0.815245 |
|      83 |     0.436113 |          0.430153 |         0.784653 |              0.787468 |
|      84 |     0.435306 |          0.437609 |         0.810339 |              0.814599 |
|      85 |     0.436117 |          0.43116  |         0.808078 |              0.806848 |
|      86 |     0.437025 |          0.430002 |         0.811147 |              0.813953 |
|      87 |     0.435337 |          0.427184 |         0.810824 |              0.815245 |
|      88 |     0.436996 |          0.425691 |         0.810824 |              0.815245 |
|      89 |     0.459996 |          0.434258 |         0.810662 |              0.813307 |
|      90 |     0.452861 |          0.432071 |         0.811147 |              0.813953 |
|      91 |     0.435545 |          0.437516 |         0.810824 |              0.815245 |
|      92 |     0.441831 |          0.433422 |         0.811147 |              0.813953 |
|      93 |     0.443242 |          0.487091 |         0.787237 |              0.786822 |
|      94 |     0.448458 |          0.429141 |         0.808078 |              0.806848 |
|      95 |     0.436262 |          0.434139 |         0.810824 |              0.815245 |
|      96 |     0.436834 |          0.432674 |         0.811147 |              0.813953 |
|      97 |     0.436019 |          0.433122 |         0.808078 |              0.806848 |
|      98 |     0.435409 |          0.428123 |         0.810824 |              0.815245 |
|      99 |     0.437077 |          0.426391 |         0.811147 |              0.813953 |
|     100 |     0.434682 |          0.430347 |         0.811147 |              0.813953 |

########## Model 2 ##########

Test Accuracy: 74.31794333683106


|   Epoch |   Train Loss |   Validation Loss |   Train Accuracy |   Validation Accuracy |
|---------|--------------|-------------------|------------------|-----------------------|
|       1 |     1.51593  |          0.999424 |         0.623425 |              0.620155 |
|       2 |     0.700571 |          0.621671 |         0.744103 |              0.75     |
|       3 |     0.612879 |          0.564467 |         0.743619 |              0.749354 |
|       4 |     0.597564 |          0.581631 |         0.744103 |              0.75     |
|       5 |     0.575564 |          0.547514 |         0.741357 |              0.741602 |
|       6 |     0.590517 |          0.548992 |         0.744103 |              0.75     |
|       7 |     0.599111 |          0.631453 |         0.717932 |              0.715116 |
|       8 |     0.582369 |          0.55394  |         0.741357 |              0.741602 |
|       9 |     0.57623  |          0.57437  |         0.744103 |              0.75     |
|      10 |     0.564856 |          0.57897  |         0.714863 |              0.715116 |
|      11 |     0.565097 |          0.55797  |         0.743942 |              0.748062 |
|      12 |     0.560988 |          0.54439  |         0.744103 |              0.75     |
|      13 |     0.560865 |          0.546759 |         0.744426 |              0.748708 |
|      14 |     0.561057 |          0.541563 |         0.744103 |              0.75     |
|      15 |     0.557486 |          0.54304  |         0.741034 |              0.742894 |
|      16 |     0.557713 |          0.545742 |         0.744103 |              0.75     |
|      17 |     0.555037 |          0.543737 |         0.744103 |              0.75     |
|      18 |     0.560916 |          0.553945 |         0.714863 |              0.715116 |
|      19 |     0.559599 |          0.540607 |         0.744103 |              0.75     |
|      20 |     0.553967 |          0.548488 |         0.744103 |              0.75     |
|      21 |     0.554497 |          0.555368 |         0.741357 |              0.741602 |
|      22 |     0.557728 |          0.540743 |         0.743619 |              0.749354 |
|      23 |     0.552731 |          0.544806 |         0.740872 |              0.740956 |
|      24 |     0.555232 |          0.541764 |         0.744426 |              0.748708 |
|      25 |     0.552439 |          0.541539 |         0.743942 |              0.748062 |
|      26 |     0.551902 |          0.54524  |         0.743942 |              0.748062 |
|      27 |     0.553428 |          0.545938 |         0.744103 |              0.75     |
|      28 |     0.578105 |          0.570065 |         0.717932 |              0.722222 |
|      29 |     0.562711 |          0.558759 |         0.714378 |              0.71447  |
|      30 |     0.56539  |          0.548584 |         0.740872 |              0.740956 |
|      31 |     0.554553 |          0.54793  |         0.743942 |              0.748062 |
|      32 |     0.551971 |          0.545339 |         0.741357 |              0.741602 |
|      33 |     0.551885 |          0.546081 |         0.744103 |              0.75     |
|      34 |     0.551914 |          0.547905 |         0.743619 |              0.749354 |
|      35 |     0.552633 |          0.554375 |         0.744103 |              0.75     |
|      36 |     0.550525 |          0.541518 |         0.744103 |              0.75     |
|      37 |     0.552725 |          0.539284 |         0.744103 |              0.75     |
|      38 |     0.551308 |          0.547632 |         0.744426 |              0.748708 |
|      39 |     0.551957 |          0.540233 |         0.744103 |              0.75     |
|      40 |     0.550701 |          0.545848 |         0.744103 |              0.75     |
|      41 |     0.553896 |          0.544518 |         0.741357 |              0.741602 |
|      42 |     0.55286  |          0.546533 |         0.741357 |              0.741602 |
|      43 |     0.549723 |          0.543754 |         0.735703 |              0.737726 |
|      44 |     0.552426 |          0.542917 |         0.744426 |              0.748708 |
|      45 |     0.548233 |          0.553344 |         0.736187 |              0.738372 |
|      46 |     0.554583 |          0.541151 |         0.741357 |              0.741602 |
|      47 |     0.564468 |          0.776517 |         0.703877 |              0.706072 |
|      48 |     0.573499 |          0.546168 |         0.744426 |              0.748708 |
|      49 |     0.550342 |          0.54528  |         0.743619 |              0.749354 |
|      50 |     0.549348 |          0.541439 |         0.744426 |              0.748708 |
|      51 |     0.549894 |          0.540188 |         0.744426 |              0.748708 |
|      52 |     0.551126 |          0.541519 |         0.741357 |              0.741602 |
|      53 |     0.549958 |          0.53808  |         0.744103 |              0.75     |
|      54 |     0.549678 |          0.542592 |         0.741357 |              0.741602 |
|      55 |     0.589358 |          0.574042 |         0.732795 |              0.734496 |
|      56 |     0.554846 |          0.546147 |         0.744103 |              0.75     |
|      57 |     0.549004 |          0.543604 |         0.740872 |              0.740956 |
|      58 |     0.549742 |          0.540169 |         0.744103 |              0.75     |
|      59 |     0.548509 |          0.542764 |         0.743942 |              0.748062 |
|      60 |     0.549239 |          0.539916 |         0.744103 |              0.75     |
|      61 |     0.551214 |          0.540671 |         0.744103 |              0.75     |
|      62 |     0.549708 |          0.547129 |         0.744103 |              0.75     |
|      63 |     0.550218 |          0.551193 |         0.743942 |              0.748062 |
|      64 |     0.550471 |          0.548007 |         0.744103 |              0.75     |
|      65 |     0.550165 |          0.539173 |         0.743942 |              0.748062 |
|      66 |     0.566918 |          0.573997 |         0.707108 |              0.706718 |
|      67 |     0.57097  |          0.565394 |         0.714863 |              0.715116 |
|      68 |     0.576735 |          0.65368  |         0.703877 |              0.706072 |
|      69 |     0.562372 |          0.543183 |         0.744426 |              0.748708 |
|      70 |     0.551384 |          0.539124 |         0.744103 |              0.75     |
|      71 |     0.552071 |          0.541652 |         0.743619 |              0.749354 |
|      72 |     0.550612 |          0.545621 |         0.744426 |              0.748708 |
|      73 |     0.550597 |          0.538227 |         0.744426 |              0.748708 |
|      74 |     0.548592 |          0.541599 |         0.744103 |              0.75     |
|      75 |     0.549751 |          0.540166 |         0.741357 |              0.741602 |
|      76 |     0.54974  |          0.537563 |         0.744103 |              0.75     |
|      77 |     0.549214 |          0.54231  |         0.744103 |              0.75     |
|      78 |     0.54951  |          0.540651 |         0.743942 |              0.748062 |
|      79 |     0.549347 |          0.541171 |         0.741357 |              0.741602 |
|      80 |     0.548925 |          0.543013 |         0.741357 |              0.741602 |
|      81 |     0.550602 |          0.543223 |         0.743619 |              0.749354 |
|      82 |     0.549782 |          0.544624 |         0.743619 |              0.749354 |
|      83 |     0.550111 |          0.548274 |         0.744103 |              0.75     |
|      84 |     0.550156 |          0.542035 |         0.741357 |              0.741602 |
|      85 |     0.550913 |          0.547285 |         0.744103 |              0.75     |
|      86 |     0.552586 |          0.545743 |         0.744103 |              0.75     |
|      87 |     0.548542 |          0.545828 |         0.741357 |              0.741602 |
|      88 |     0.54816  |          0.544135 |         0.741357 |              0.741602 |
|      89 |     0.549868 |          0.544045 |         0.743942 |              0.748062 |
|      90 |     0.550298 |          0.542994 |         0.744103 |              0.75     |
|      91 |     0.550116 |          0.547098 |         0.744103 |              0.75     |
|      92 |     0.548466 |          0.541095 |         0.744103 |              0.75     |
|      93 |     0.550109 |          0.542252 |         0.744426 |              0.748708 |
|      94 |     0.547981 |          0.54458  |         0.743619 |              0.749354 |
|      95 |     0.549175 |          0.543844 |         0.743619 |              0.749354 |
|      96 |     0.548603 |          0.539249 |         0.741357 |              0.741602 |
|      97 |     0.548683 |          0.545811 |         0.741357 |              0.741602 |
|      98 |     0.548149 |          0.54019  |         0.743619 |              0.749354 |
|      99 |     0.550772 |          0.536813 |         0.740872 |              0.740956 |
|     100 |     0.54943  |          0.543271 |         0.744103 |              0.75     |

########## Model 3 ##########

Test Accuracy: 70.85519412381952


|   Epoch |   Train Loss |   Validation Loss |   Train Accuracy |   Validation Accuracy |
|---------|--------------|-------------------|------------------|-----------------------|
|       1 |     1.74564  |          1.2064   |         0.555089 |              0.54845  |
|       2 |     1.1893   |          1.14885  |         0.629564 |              0.627261 |
|       3 |     1.11655  |          1.06425  |         0.629564 |              0.627261 |
|       4 |     1.00125  |          0.972296 |         0.675606 |              0.678295 |
|       5 |     0.971963 |          0.965552 |         0.72084  |              0.722868 |
|       6 |     0.938588 |          0.930281 |         0.694346 |              0.696382 |
|       7 |     0.908384 |          0.925109 |         0.691115 |              0.687339 |
|       8 |     0.904752 |          0.919179 |         0.694346 |              0.696382 |
|       9 |     0.906183 |          0.919211 |         0.718094 |              0.71447  |
|      10 |     0.905045 |          0.921177 |         0.718094 |              0.71447  |
|      11 |     0.905033 |          0.929218 |         0.7063   |              0.702842 |
|      12 |     0.903689 |          0.925877 |         0.694346 |              0.696382 |
|      13 |     0.903464 |          0.918349 |         0.718094 |              0.71447  |
|      14 |     0.90419  |          0.912441 |         0.721163 |              0.721576 |
|      15 |     0.903605 |          0.915119 |         0.72084  |              0.722868 |
|      16 |     0.903089 |          0.908886 |         0.718094 |              0.71447  |
|      17 |     0.90707  |          0.943147 |         0.694346 |              0.696382 |
|      18 |     0.909138 |          0.905931 |         0.720679 |              0.72093  |
|      19 |     0.904849 |          0.910724 |         0.72084  |              0.722868 |
|      20 |     0.903547 |          0.926529 |         0.718094 |              0.71447  |
|      21 |     0.900124 |          0.917973 |         0.718094 |              0.71447  |
|      22 |     0.900242 |          0.913114 |         0.721163 |              0.721576 |
|      23 |     0.90137  |          0.911731 |         0.720355 |              0.722222 |
|      24 |     0.901417 |          0.90233  |         0.721163 |              0.721576 |
|      25 |     0.899384 |          0.913815 |         0.720355 |              0.722222 |
|      26 |     0.902031 |          0.903956 |         0.72084  |              0.722868 |
|      27 |     0.89861  |          0.905639 |         0.720679 |              0.72093  |
|      28 |     0.897364 |          0.913938 |         0.718094 |              0.71447  |
|      29 |     0.897694 |          0.91383  |         0.718094 |              0.71447  |
|      30 |     0.901147 |          0.908069 |         0.720679 |              0.72093  |
|      31 |     0.896573 |          0.908599 |         0.721163 |              0.721576 |
|      32 |     0.898327 |          0.914148 |         0.720355 |              0.722222 |
|      33 |     0.89689  |          0.905243 |         0.720355 |              0.722222 |
|      34 |     0.897551 |          0.905808 |         0.720355 |              0.722222 |
|      35 |     0.895631 |          0.907183 |         0.718094 |              0.71447  |
|      36 |     0.899936 |          0.923986 |         0.721163 |              0.721576 |
|      37 |     0.898356 |          0.909975 |         0.721163 |              0.721576 |
|      38 |     0.895654 |          0.909579 |         0.720679 |              0.72093  |
|      39 |     0.895983 |          0.913682 |         0.720355 |              0.722222 |
|      40 |     0.896425 |          0.913153 |         0.718094 |              0.71447  |
|      41 |     0.897458 |          0.913887 |         0.717609 |              0.713824 |
|      42 |     0.896317 |          0.907614 |         0.720355 |              0.722222 |
|      43 |     0.896737 |          0.906949 |         0.717609 |              0.713824 |
|      44 |     0.895712 |          0.91774  |         0.72084  |              0.722868 |
|      45 |     0.897099 |          0.905734 |         0.718094 |              0.71447  |
|      46 |     0.896783 |          0.915873 |         0.721163 |              0.721576 |
|      47 |     0.89419  |          0.906082 |         0.720355 |              0.722222 |
|      48 |     0.897637 |          0.910675 |         0.720355 |              0.722222 |
|      49 |     0.89516  |          0.912272 |         0.718094 |              0.71447  |
|      50 |     0.897533 |          0.910492 |         0.721163 |              0.721576 |
|      51 |     0.895971 |          0.914643 |         0.72084  |              0.722868 |
|      52 |     0.89797  |          0.904069 |         0.721163 |              0.721576 |
|      53 |     0.897315 |          0.911323 |         0.717609 |              0.713824 |
|      54 |     0.895454 |          0.907404 |         0.718094 |              0.71447  |
|      55 |     0.895135 |          0.908473 |         0.717609 |              0.713824 |
|      56 |     0.895773 |          0.903478 |         0.721163 |              0.721576 |
|      57 |     0.896809 |          0.905102 |         0.721163 |              0.721576 |
|      58 |     0.899182 |          0.912922 |         0.720355 |              0.722222 |
|      59 |     0.896333 |          0.907    |         0.717609 |              0.713824 |
|      60 |     0.897591 |          0.915982 |         0.721163 |              0.721576 |
|      61 |     0.894936 |          0.90994  |         0.721163 |              0.721576 |
|      62 |     0.89563  |          0.905035 |         0.720355 |              0.722222 |
|      63 |     0.897138 |          0.898381 |         0.721163 |              0.721576 |
|      64 |     0.896494 |          0.904406 |         0.72084  |              0.722868 |
|      65 |     0.896786 |          0.911168 |         0.72084  |              0.722868 |
|      66 |     0.896658 |          0.902914 |         0.718094 |              0.71447  |
|      67 |     0.897032 |          0.909674 |         0.718094 |              0.71447  |
|      68 |     0.895767 |          0.914007 |         0.718094 |              0.71447  |
|      69 |     0.896095 |          0.916236 |         0.72084  |              0.722868 |
|      70 |     0.895197 |          0.907319 |         0.720355 |              0.722222 |
|      71 |     0.896661 |          0.911005 |         0.693861 |              0.695736 |
|      72 |     0.895174 |          0.909657 |         0.717771 |              0.715762 |
|      73 |     0.895652 |          0.904121 |         0.72084  |              0.722868 |
|      74 |     0.89583  |          0.915415 |         0.717609 |              0.713824 |
|      75 |     0.895744 |          0.901317 |         0.72084  |              0.722868 |
|      76 |     0.894567 |          0.916216 |         0.721163 |              0.721576 |
|      77 |     0.897762 |          0.9168   |         0.718094 |              0.71447  |
|      78 |     0.895579 |          0.903837 |         0.721163 |              0.721576 |
|      79 |     0.896642 |          0.900869 |         0.721163 |              0.721576 |
|      80 |     0.895483 |          0.904488 |         0.72084  |              0.722868 |
|      81 |     0.896846 |          0.908128 |         0.718094 |              0.71447  |
|      82 |     0.896975 |          0.906754 |         0.72084  |              0.722868 |
|      83 |     0.895621 |          0.896674 |         0.72084  |              0.722868 |
|      84 |     0.895004 |          0.904809 |         0.717609 |              0.713824 |
|      85 |     0.895392 |          0.906015 |         0.720679 |              0.72093  |
|      86 |     0.897302 |          0.910939 |         0.721163 |              0.721576 |
|      87 |     0.895941 |          0.918547 |         0.72084  |              0.722868 |
|      88 |     0.895113 |          0.902588 |         0.718094 |              0.71447  |
|      89 |     0.89449  |          0.90609  |         0.72084  |              0.722868 |
|      90 |     0.895546 |          0.914995 |         0.721163 |              0.721576 |
|      91 |     0.898716 |          0.906479 |         0.721163 |              0.721576 |
|      92 |     0.896192 |          0.907645 |         0.721163 |              0.721576 |
|      93 |     0.892595 |          0.904146 |         0.72084  |              0.722868 |
|      94 |     0.893905 |          0.914183 |         0.720679 |              0.72093  |
|      95 |     0.895939 |          0.905115 |         0.721163 |              0.721576 |
|      96 |     0.89505  |          0.90628  |         0.72084  |              0.722868 |
|      97 |     0.895341 |          0.908927 |         0.721163 |              0.721576 |
|      98 |     0.894705 |          0.905613 |         0.718094 |              0.71447  |
|      99 |     0.895384 |          0.904532 |         0.718094 |              0.71447  |
|     100 |     0.895048 |          0.907082 |         0.718094 |              0.71447  |

########## Model 4 ##########

Test Accuracy: 66.2906610703043


|   Epoch |   Train Loss |   Validation Loss |   Train Accuracy |   Validation Accuracy |
|---------|--------------|-------------------|------------------|-----------------------|
|       1 |     1.7386   |          0.952896 |         0.615024 |              0.614341 |
|       2 |     0.911877 |          0.859447 |         0.657997 |              0.660853 |
|       3 |     0.88012  |          0.852166 |         0.660743 |              0.669251 |
|       4 |     0.858173 |          0.821051 |         0.660582 |              0.662791 |
|       5 |     0.84548  |          0.831292 |         0.636834 |              0.644703 |
|       6 |     0.844185 |          0.816324 |         0.660582 |              0.662791 |
|       7 |     0.838187 |          0.832551 |         0.662843 |              0.670543 |
|       8 |     0.841314 |          0.822969 |         0.663166 |              0.669251 |
|       9 |     0.837791 |          0.831785 |         0.637157 |              0.643411 |
|      10 |     0.838635 |          0.822623 |         0.660582 |              0.662791 |
|      11 |     0.834531 |          0.829371 |         0.636349 |              0.644057 |
|      12 |     0.834947 |          0.817206 |         0.634087 |              0.636305 |
|      13 |     0.836298 |          0.832385 |         0.663166 |              0.669251 |
|      14 |     0.834388 |          0.822285 |         0.663328 |              0.671189 |
|      15 |     0.835301 |          0.817529 |         0.663166 |              0.669251 |
|      16 |     0.831555 |          0.817408 |         0.660582 |              0.662791 |
|      17 |     0.831891 |          0.817607 |         0.663651 |              0.669897 |
|      18 |     0.830232 |          0.821928 |         0.663328 |              0.671189 |
|      19 |     0.833776 |          0.81874  |         0.663328 |              0.671189 |
|      20 |     0.833788 |          0.815619 |         0.663651 |              0.669897 |
|      21 |     0.832995 |          0.814991 |         0.662843 |              0.670543 |
|      22 |     0.831364 |          0.822215 |         0.660582 |              0.662791 |
|      23 |     0.829669 |          0.823635 |         0.660582 |              0.662791 |
|      24 |     0.837496 |          0.814189 |         0.663328 |              0.671189 |
|      25 |     0.829985 |          0.804989 |         0.663651 |              0.669897 |
|      26 |     0.834527 |          0.822113 |         0.663328 |              0.671189 |
|      27 |     0.831163 |          0.817379 |         0.663651 |              0.669897 |
|      28 |     0.829492 |          0.825881 |         0.662843 |              0.670543 |
|      29 |     0.830183 |          0.80924  |         0.663651 |              0.669897 |
|      30 |     0.83014  |          0.816713 |         0.660097 |              0.662145 |
|      31 |     0.834481 |          0.817218 |         0.663328 |              0.671189 |
|      32 |     0.827639 |          0.819779 |         0.660582 |              0.662791 |
|      33 |     0.827251 |          0.821554 |         0.663651 |              0.669897 |
|      34 |     0.830191 |          0.837801 |         0.644265 |              0.649225 |
|      35 |     0.830373 |          0.825062 |         0.660097 |              0.662145 |
|      36 |     0.830351 |          0.817549 |         0.663328 |              0.671189 |
|      37 |     0.829538 |          0.811543 |         0.663166 |              0.669251 |
|      38 |     0.827287 |          0.821808 |         0.663651 |              0.669897 |
|      39 |     0.827743 |          0.823004 |         0.660582 |              0.662791 |
|      40 |     0.830233 |          0.81507  |         0.660582 |              0.662791 |
|      41 |     0.829147 |          0.81122  |         0.660582 |              0.662791 |
|      42 |     0.830982 |          0.810335 |         0.663166 |              0.669251 |
|      43 |     0.828424 |          0.815926 |         0.663651 |              0.669897 |
|      44 |     0.827855 |          0.811427 |         0.660582 |              0.662791 |
|      45 |     0.825998 |          0.809463 |         0.660582 |              0.662791 |
|      46 |     0.831986 |          0.817241 |         0.663651 |              0.669897 |
|      47 |     0.83112  |          0.815795 |         0.663651 |              0.669897 |
|      48 |     0.827505 |          0.817802 |         0.660582 |              0.662791 |
|      49 |     0.827766 |          0.817919 |         0.663328 |              0.671189 |
|      50 |     0.829514 |          0.816881 |         0.660582 |              0.662791 |
|      51 |     0.82622  |          0.81487  |         0.663166 |              0.669251 |
|      52 |     0.827716 |          0.812418 |         0.663328 |              0.671189 |
|      53 |     0.827417 |          0.809157 |         0.662843 |              0.670543 |
|      54 |     0.828979 |          0.810093 |         0.662843 |              0.670543 |
|      55 |     0.83097  |          0.809003 |         0.663651 |              0.669897 |
|      56 |     0.828886 |          0.809945 |         0.663328 |              0.671189 |
|      57 |     0.826094 |          0.813036 |         0.663651 |              0.669897 |
|      58 |     0.829909 |          0.819623 |         0.662843 |              0.670543 |
|      59 |     0.831096 |          0.810376 |         0.660582 |              0.662791 |
|      60 |     0.830761 |          0.819455 |         0.660582 |              0.662791 |
|      61 |     0.826224 |          0.816212 |         0.663651 |              0.669897 |
|      62 |     0.828459 |          0.821859 |         0.662843 |              0.670543 |
|      63 |     0.828525 |          0.809196 |         0.660582 |              0.662791 |
|      64 |     0.827042 |          0.81387  |         0.663328 |              0.671189 |
|      65 |     0.826856 |          0.810702 |         0.660097 |              0.662145 |
|      66 |     0.825857 |          0.811646 |         0.660582 |              0.662791 |
|      67 |     0.823946 |          0.807018 |         0.663328 |              0.671189 |
|      68 |     0.826942 |          0.816169 |         0.663328 |              0.671189 |
|      69 |     0.826627 |          0.802281 |         0.662843 |              0.670543 |
|      70 |     0.825142 |          0.811263 |         0.660582 |              0.662791 |
|      71 |     0.826864 |          0.807436 |         0.660582 |              0.662791 |
|      72 |     0.826415 |          0.81774  |         0.663651 |              0.669897 |
|      73 |     0.826699 |          0.817793 |         0.662843 |              0.670543 |
|      74 |     0.827527 |          0.809306 |         0.663166 |              0.669251 |
|      75 |     0.825201 |          0.813763 |         0.662843 |              0.670543 |
|      76 |     0.827697 |          0.808388 |         0.663651 |              0.669897 |
|      77 |     0.825737 |          0.813502 |         0.663166 |              0.669251 |
|      78 |     0.826203 |          0.823225 |         0.662843 |              0.670543 |
|      79 |     0.826505 |          0.815935 |         0.660582 |              0.662791 |
|      80 |     0.827384 |          0.811286 |         0.663328 |              0.671189 |
|      81 |     0.825784 |          0.810013 |         0.663328 |              0.671189 |
|      82 |     0.827113 |          0.810191 |         0.662843 |              0.670543 |
|      83 |     0.826378 |          0.806346 |         0.662843 |              0.670543 |
|      84 |     0.827009 |          0.811722 |         0.660097 |              0.662145 |
|      85 |     0.825498 |          0.810142 |         0.663651 |              0.669897 |
|      86 |     0.825965 |          0.812314 |         0.663328 |              0.671189 |
|      87 |     0.827038 |          0.816052 |         0.662843 |              0.670543 |
|      88 |     0.827029 |          0.811495 |         0.663328 |              0.671189 |
|      89 |     0.826447 |          0.813067 |         0.663328 |              0.671189 |
|      90 |     0.824973 |          0.816434 |         0.663651 |              0.669897 |
|      91 |     0.825024 |          0.819678 |         0.663651 |              0.669897 |
|      92 |     0.826758 |          0.814627 |         0.662843 |              0.670543 |
|      93 |     0.825694 |          0.810749 |         0.663328 |              0.671189 |
|      94 |     0.825745 |          0.813592 |         0.663328 |              0.671189 |
|      95 |     0.828719 |          0.807687 |         0.663166 |              0.669251 |
|      96 |     0.82429  |          0.821458 |         0.634087 |              0.636305 |
|      97 |     0.823461 |          0.81846  |         0.663328 |              0.671189 |
|      98 |     0.826444 |          0.814784 |         0.662843 |              0.670543 |
|      99 |     0.825174 |          0.806856 |         0.663166 |              0.669251 |
|     100 |     0.825246 |          0.806102 |         0.663651 |              0.669897 |

########## Model 5 ##########

Test Accuracy: 79.74816369359917


|   Epoch |   Train Loss |   Validation Loss |   Train Accuracy |   Validation Accuracy |
|---------|--------------|-------------------|------------------|-----------------------|
|       1 |     1.33133  |          0.720153 |         0.712278 |              0.707364 |
|       2 |     0.629959 |          0.546456 |         0.800969 |              0.80168  |
|       3 |     0.533148 |          0.537177 |         0.774475 |              0.775194 |
|       4 |     0.514994 |          0.51605  |         0.800969 |              0.80168  |
|       5 |     0.510795 |          0.503421 |         0.801454 |              0.802326 |
|       6 |     0.522307 |          0.521895 |         0.77496  |              0.77584  |
|       7 |     0.553823 |          0.538312 |         0.792407 |              0.794574 |
|       8 |     0.525562 |          0.496949 |         0.801454 |              0.802326 |
|       9 |     0.511638 |          0.526407 |         0.794507 |              0.795866 |
|      10 |     0.50813  |          0.499311 |         0.801454 |              0.802326 |
|      11 |     0.508084 |          0.499293 |         0.801454 |              0.802326 |
|      12 |     0.505495 |          0.499284 |         0.801454 |              0.802326 |
|      13 |     0.504961 |          0.494404 |         0.800969 |              0.80168  |
|      14 |     0.503559 |          0.504041 |         0.801454 |              0.802326 |
|      15 |     0.505931 |          0.497891 |         0.77496  |              0.77584  |
|      16 |     0.505874 |          0.494933 |         0.801454 |              0.802326 |
|      17 |     0.50243  |          0.503185 |         0.801454 |              0.802326 |
|      18 |     0.505144 |          0.498474 |         0.801454 |              0.802326 |
|      19 |     0.510651 |          0.49915  |         0.801454 |              0.802326 |
|      20 |     0.5043   |          0.498094 |         0.801454 |              0.802326 |
|      21 |     0.501174 |          0.490298 |         0.801454 |              0.802326 |
|      22 |     0.503052 |          0.493058 |         0.800969 |              0.80168  |
|      23 |     0.50148  |          0.503499 |         0.77496  |              0.77584  |
|      24 |     0.506107 |          0.494844 |         0.801454 |              0.802326 |
|      25 |     0.500701 |          0.500372 |         0.801454 |              0.802326 |
|      26 |     0.506594 |          0.49539  |         0.800969 |              0.80168  |
|      27 |     0.503738 |          0.502978 |         0.800969 |              0.80168  |
|      28 |     0.500731 |          0.494343 |         0.800969 |              0.80168  |
|      29 |     0.500907 |          0.493652 |         0.801454 |              0.802326 |
|      30 |     0.499583 |          0.494015 |         0.801454 |              0.802326 |
|      31 |     0.498509 |          0.492719 |         0.801454 |              0.802326 |
|      32 |     0.497454 |          0.492839 |         0.801454 |              0.802326 |
|      33 |     0.498695 |          0.49639  |         0.801454 |              0.802326 |
|      34 |     0.503412 |          0.50906  |         0.801454 |              0.802326 |
|      35 |     0.500768 |          0.492878 |         0.801454 |              0.802326 |
|      36 |     0.498223 |          0.492431 |         0.801454 |              0.802326 |
|      37 |     0.498425 |          0.492367 |         0.800969 |              0.80168  |
|      38 |     0.499968 |          0.49361  |         0.801454 |              0.802326 |
|      39 |     0.499049 |          0.501369 |         0.801454 |              0.802326 |
|      40 |     0.497807 |          0.500085 |         0.800969 |              0.80168  |
|      41 |     0.499664 |          0.496076 |         0.801454 |              0.802326 |
|      42 |     0.498846 |          0.493797 |         0.801454 |              0.802326 |
|      43 |     0.500779 |          0.492152 |         0.801454 |              0.802326 |
|      44 |     0.499789 |          0.493539 |         0.801454 |              0.802326 |
|      45 |     0.502166 |          0.497064 |         0.801454 |              0.802326 |
|      46 |     0.498079 |          0.498933 |         0.801454 |              0.802326 |
|      47 |     0.501603 |          0.489165 |         0.801454 |              0.802326 |
|      48 |     0.499956 |          0.493697 |         0.801454 |              0.802326 |
|      49 |     0.499807 |          0.496871 |         0.801454 |              0.802326 |
|      50 |     0.496462 |          0.497892 |         0.801454 |              0.802326 |
|      51 |     0.504584 |          0.4894   |         0.801454 |              0.802326 |
|      52 |     0.499685 |          0.487898 |         0.801454 |              0.802326 |
|      53 |     0.498896 |          0.495048 |         0.801454 |              0.802326 |
|      54 |     0.499561 |          0.495469 |         0.801454 |              0.802326 |
|      55 |     0.499109 |          0.49606  |         0.801454 |              0.802326 |
|      56 |     0.498042 |          0.496894 |         0.801454 |              0.802326 |
|      57 |     0.499106 |          0.495366 |         0.801454 |              0.802326 |
|      58 |     0.498201 |          0.498013 |         0.801454 |              0.802326 |
|      59 |     0.498396 |          0.49121  |         0.801454 |              0.802326 |
|      60 |     0.49877  |          0.493876 |         0.801454 |              0.802326 |
|      61 |     0.501568 |          0.489084 |         0.801454 |              0.802326 |
|      62 |     0.499494 |          0.491718 |         0.801454 |              0.802326 |
|      63 |     0.50154  |          0.489393 |         0.801454 |              0.802326 |
|      64 |     0.498286 |          0.493238 |         0.801454 |              0.802326 |
|      65 |     0.498176 |          0.492606 |         0.801454 |              0.802326 |
|      66 |     0.50393  |          0.489236 |         0.801454 |              0.802326 |
|      67 |     0.5041   |          0.500002 |         0.801454 |              0.802326 |
|      68 |     0.497663 |          0.495813 |         0.801454 |              0.802326 |
|      69 |     0.496402 |          0.493603 |         0.801454 |              0.802326 |
|      70 |     0.498697 |          0.490063 |         0.801454 |              0.802326 |
|      71 |     0.497961 |          0.495069 |         0.801454 |              0.802326 |
|      72 |     0.496801 |          0.489495 |         0.801454 |              0.802326 |
|      73 |     0.49773  |          0.513489 |         0.768013 |              0.76938  |
|      74 |     0.502214 |          0.48768  |         0.801454 |              0.802326 |
|      75 |     0.500238 |          0.49095  |         0.801454 |              0.802326 |
|      76 |     0.499149 |          0.491283 |         0.801454 |              0.802326 |
|      77 |     0.498505 |          0.495745 |         0.801454 |              0.802326 |
|      78 |     0.497241 |          0.494279 |         0.801454 |              0.802326 |
|      79 |     0.497231 |          0.500975 |         0.801454 |              0.802326 |
|      80 |     0.499024 |          0.500331 |         0.801454 |              0.802326 |
|      81 |     0.498241 |          0.4933   |         0.801454 |              0.802326 |
|      82 |     0.49753  |          0.491305 |         0.801454 |              0.802326 |
|      83 |     0.49737  |          0.501102 |         0.801454 |              0.802326 |
|      84 |     0.497374 |          0.490919 |         0.800969 |              0.80168  |
|      85 |     0.497571 |          0.48781  |         0.801454 |              0.802326 |
|      86 |     0.498532 |          0.490602 |         0.800969 |              0.80168  |
|      87 |     0.499712 |          0.494552 |         0.801454 |              0.802326 |
|      88 |     0.498324 |          0.48981  |         0.801454 |              0.802326 |
|      89 |     0.497758 |          0.492926 |         0.801454 |              0.802326 |
|      90 |     0.497151 |          0.493855 |         0.801454 |              0.802326 |
|      91 |     0.497034 |          0.492379 |         0.801454 |              0.802326 |
|      92 |     0.49763  |          0.497583 |         0.801454 |              0.802326 |
|      93 |     0.496783 |          0.490699 |         0.801454 |              0.802326 |
|      94 |     0.499506 |          0.495113 |         0.801454 |              0.802326 |
|      95 |     0.496954 |          0.498756 |         0.801454 |              0.802326 |
|      96 |     0.497642 |          0.489968 |         0.801454 |              0.802326 |
|      97 |     0.497449 |          0.49481  |         0.801454 |              0.802326 |
|      98 |     0.496673 |          0.493968 |         0.801454 |              0.802326 |
|      99 |     0.496961 |          0.494465 |         0.801454 |              0.802326 |
|     100 |     0.499805 |          0.493344 |         0.801454 |              0.802326 |

########## Model 6 ##########

Test Accuracy: 75.65582371458552


|   Epoch |   Train Loss |   Validation Loss |   Train Accuracy |   Validation Accuracy |
|---------|--------------|-------------------|------------------|-----------------------|
|       1 |     1.88739  |          1.41381  |         0.559774 |              0.557494 |
|       2 |     1.40561  |          1.38169  |         0.565428 |              0.565891 |
|       3 |     1.25071  |          1.19048  |         0.602908 |              0.601421 |
|       4 |     1.01039  |          0.9746   |         0.683683 |              0.680233 |
|       5 |     0.957129 |          0.951042 |         0.683683 |              0.680233 |
|       6 |     0.952394 |          0.943753 |         0.683683 |              0.680233 |
|       7 |     0.953285 |          0.95197  |         0.683683 |              0.680233 |
|       8 |     0.951793 |          0.964864 |         0.683683 |              0.680233 |
|       9 |     0.948804 |          0.943939 |         0.683199 |              0.679587 |
|      10 |     0.948403 |          0.959924 |         0.668659 |              0.664729 |
|      11 |     0.948903 |          0.965903 |         0.683683 |              0.680233 |
|      12 |     0.9535   |          0.951397 |         0.683683 |              0.680233 |
|      13 |     0.948093 |          0.968857 |         0.683683 |              0.680233 |
|      14 |     0.945376 |          0.958236 |         0.683683 |              0.680233 |
|      15 |     0.949236 |          0.943438 |         0.683199 |              0.679587 |
|      16 |     0.947854 |          0.953549 |         0.683683 |              0.680233 |
|      17 |     0.948998 |          0.943934 |         0.683683 |              0.680233 |
|      18 |     0.946687 |          0.95263  |         0.683199 |              0.679587 |
|      19 |     0.952316 |          0.950446 |         0.683683 |              0.680233 |
|      20 |     0.947586 |          0.959752 |         0.683683 |              0.680233 |
|      21 |     0.949128 |          0.954471 |         0.683199 |              0.679587 |
|      22 |     0.947862 |          0.95458  |         0.683683 |              0.680233 |
|      23 |     0.946901 |          0.952936 |         0.683683 |              0.680233 |
|      24 |     0.948051 |          0.953507 |         0.683683 |              0.680233 |
|      25 |     0.949872 |          0.942961 |         0.683683 |              0.680233 |
|      26 |     0.948165 |          0.943101 |         0.683683 |              0.680233 |
|      27 |     0.947243 |          0.949006 |         0.683683 |              0.680233 |
|      28 |     0.946817 |          0.951097 |         0.683683 |              0.680233 |
|      29 |     0.945955 |          0.938486 |         0.683683 |              0.680233 |
|      30 |     0.945453 |          0.952273 |         0.683199 |              0.679587 |
|      31 |     0.943702 |          0.948565 |         0.683683 |              0.680233 |
|      32 |     0.946743 |          0.944774 |         0.683683 |              0.680233 |
|      33 |     0.948152 |          0.951549 |         0.683683 |              0.680233 |
|      34 |     0.944475 |          0.951942 |         0.683683 |              0.680233 |
|      35 |     0.945586 |          0.941121 |         0.683683 |              0.680233 |
|      36 |     0.947025 |          0.948687 |         0.683683 |              0.680233 |
|      37 |     0.944184 |          0.954275 |         0.683683 |              0.680233 |
|      38 |     0.947045 |          0.944112 |         0.683683 |              0.680233 |
|      39 |     0.947552 |          0.952374 |         0.683683 |              0.680233 |
|      40 |     0.946926 |          0.960899 |         0.683683 |              0.680233 |
|      41 |     0.947133 |          0.952433 |         0.683683 |              0.680233 |
|      42 |     0.944363 |          0.946961 |         0.683683 |              0.680233 |
|      43 |     0.94479  |          0.970359 |         0.683683 |              0.680233 |
|      44 |     0.945438 |          0.946157 |         0.683683 |              0.680233 |
|      45 |     0.946018 |          0.950291 |         0.683683 |              0.680233 |
|      46 |     0.991775 |          0.952313 |         0.683683 |              0.680233 |
|      47 |     0.992955 |          0.939999 |         0.683683 |              0.680233 |
|      48 |     0.799278 |          0.747687 |         0.764459 |              0.759044 |
|      49 |     0.732641 |          0.735757 |         0.764459 |              0.759044 |
|      50 |     0.733038 |          0.735195 |         0.764459 |              0.759044 |
|      51 |     0.732769 |          0.746987 |         0.763974 |              0.758398 |
|      52 |     0.730153 |          0.740044 |         0.763974 |              0.758398 |
|      53 |     0.732413 |          0.74257  |         0.764459 |              0.759044 |
|      54 |     0.732942 |          0.740791 |         0.764459 |              0.759044 |
|      55 |     0.732942 |          0.744377 |         0.764459 |              0.759044 |
|      56 |     0.733925 |          0.748452 |         0.764459 |              0.759044 |
|      57 |     0.844922 |          0.830513 |         0.764459 |              0.759044 |
|      58 |     0.754911 |          0.752895 |         0.764459 |              0.759044 |
|      59 |     0.737028 |          0.737743 |         0.764459 |              0.759044 |
|      60 |     0.733969 |          0.742137 |         0.764459 |              0.759044 |
|      61 |     0.760047 |          0.738591 |         0.764459 |              0.759044 |
|      62 |     0.733813 |          0.736757 |         0.764459 |              0.759044 |
|      63 |     0.731441 |          0.735831 |         0.764459 |              0.759044 |
|      64 |     0.733894 |          0.736643 |         0.764459 |              0.759044 |
|      65 |     0.732822 |          0.731793 |         0.764459 |              0.759044 |
|      66 |     0.731288 |          0.740682 |         0.764459 |              0.759044 |
|      67 |     0.731962 |          0.731458 |         0.764459 |              0.759044 |
|      68 |     0.732107 |          0.740079 |         0.764459 |              0.759044 |
|      69 |     0.733147 |          0.743534 |         0.764459 |              0.759044 |
|      70 |     0.731396 |          0.741385 |         0.764459 |              0.759044 |
|      71 |     0.731424 |          0.742328 |         0.764459 |              0.759044 |
|      72 |     0.732145 |          0.73973  |         0.764459 |              0.759044 |
|      73 |     0.731535 |          0.742514 |         0.764459 |              0.759044 |
|      74 |     0.73105  |          0.737275 |         0.764459 |              0.759044 |
|      75 |     0.731676 |          0.735358 |         0.764459 |              0.759044 |
|      76 |     0.731588 |          0.742307 |         0.764459 |              0.759044 |
|      77 |     0.732661 |          0.744282 |         0.764459 |              0.759044 |
|      78 |     0.731767 |          0.739229 |         0.764459 |              0.759044 |
|      79 |     0.730598 |          0.740922 |         0.764459 |              0.759044 |
|      80 |     0.731197 |          0.744167 |         0.764459 |              0.759044 |
|      81 |     0.731497 |          0.739672 |         0.764459 |              0.759044 |
|      82 |     0.731915 |          0.739408 |         0.764459 |              0.759044 |
|      83 |     0.731862 |          0.733897 |         0.764459 |              0.759044 |
|      84 |     0.732292 |          0.734221 |         0.764459 |              0.759044 |
|      85 |     0.732011 |          0.746105 |         0.764459 |              0.759044 |
|      86 |     0.731508 |          0.737141 |         0.764459 |              0.759044 |
|      87 |     0.732544 |          0.735801 |         0.764459 |              0.759044 |
|      88 |     0.731156 |          0.742669 |         0.764459 |              0.759044 |
|      89 |     0.730092 |          0.736555 |         0.764459 |              0.759044 |
|      90 |     0.733217 |          0.73896  |         0.764459 |              0.759044 |
|      91 |     0.733311 |          0.743815 |         0.764459 |              0.759044 |
|      92 |     0.732547 |          0.734069 |         0.764459 |              0.759044 |
|      93 |     0.730651 |          0.740618 |         0.764459 |              0.759044 |
|      94 |     0.732308 |          0.732086 |         0.764459 |              0.759044 |
|      95 |     0.733459 |          0.738347 |         0.764459 |              0.759044 |
|      96 |     0.764119 |          0.7448   |         0.764459 |              0.759044 |
|      97 |     0.73216  |          0.735981 |         0.764459 |              0.759044 |
|      98 |     0.732089 |          0.735606 |         0.764459 |              0.759044 |
|      99 |     0.730203 |          0.743384 |         0.764459 |              0.759044 |
|     100 |     0.732158 |          0.745505 |         0.764459 |              0.759044 |

########## Model 7 ##########

Test Accuracy: 79.74816369359917


|   Epoch |   Train Loss |   Validation Loss |   Train Accuracy |   Validation Accuracy |
|---------|--------------|-------------------|------------------|-----------------------|
|       1 |     1.25456  |          0.684957 |         0.77496  |              0.77584  |
|       2 |     0.608711 |          0.559603 |         0.77496  |              0.77584  |
|       3 |     0.556699 |          0.545399 |         0.801454 |              0.802326 |
|       4 |     0.534738 |          0.543611 |         0.801454 |              0.802326 |
|       5 |     0.535698 |          0.516458 |         0.801454 |              0.802326 |
|       6 |     0.531595 |          0.510485 |         0.801454 |              0.802326 |
|       7 |     0.528012 |          0.539558 |         0.801454 |              0.802326 |
|       8 |     0.527122 |          0.530688 |         0.77496  |              0.77584  |
|       9 |     0.53023  |          0.540247 |         0.77496  |              0.77584  |
|      10 |     0.526802 |          0.519074 |         0.801454 |              0.802326 |
|      11 |     0.530004 |          0.514902 |         0.801454 |              0.802326 |
|      12 |     0.530366 |          0.521761 |         0.801454 |              0.802326 |
|      13 |     0.526234 |          0.516538 |         0.801454 |              0.802326 |
|      14 |     0.539631 |          0.518148 |         0.801454 |              0.802326 |
|      15 |     0.526901 |          0.526045 |         0.801454 |              0.802326 |
|      16 |     0.527244 |          0.517161 |         0.801454 |              0.802326 |
|      17 |     0.522735 |          0.517483 |         0.801454 |              0.802326 |
|      18 |     0.523397 |          0.512482 |         0.801454 |              0.802326 |
|      19 |     0.524435 |          0.514205 |         0.801454 |              0.802326 |
|      20 |     0.529287 |          0.513272 |         0.801454 |              0.802326 |
|      21 |     0.524748 |          0.507876 |         0.801454 |              0.802326 |
|      22 |     0.52301  |          0.516329 |         0.801454 |              0.802326 |
|      23 |     0.524152 |          0.507889 |         0.801454 |              0.802326 |
|      24 |     0.523955 |          0.513016 |         0.801454 |              0.802326 |
|      25 |     0.527056 |          0.534764 |         0.801454 |              0.802326 |
|      26 |     0.527283 |          0.517456 |         0.801454 |              0.802326 |
|      27 |     0.52509  |          0.517599 |         0.801454 |              0.802326 |
|      28 |     0.521651 |          0.506952 |         0.801454 |              0.802326 |
|      29 |     0.52409  |          0.522949 |         0.801454 |              0.802326 |
|      30 |     0.523473 |          0.514282 |         0.801454 |              0.802326 |
|      31 |     0.523665 |          0.512699 |         0.801454 |              0.802326 |
|      32 |     0.522621 |          0.520434 |         0.801454 |              0.802326 |
|      33 |     0.528623 |          0.512951 |         0.801454 |              0.802326 |
|      34 |     0.522444 |          0.515352 |         0.801454 |              0.802326 |
|      35 |     0.523439 |          0.51904  |         0.801454 |              0.802326 |
|      36 |     0.523563 |          0.508984 |         0.801454 |              0.802326 |
|      37 |     0.523482 |          0.526183 |         0.801454 |              0.802326 |
|      38 |     0.520626 |          0.518803 |         0.801454 |              0.802326 |
|      39 |     0.524317 |          0.522464 |         0.801454 |              0.802326 |
|      40 |     0.521451 |          0.512502 |         0.801454 |              0.802326 |
|      41 |     0.521773 |          0.514027 |         0.801454 |              0.802326 |
|      42 |     0.521779 |          0.509865 |         0.801454 |              0.802326 |
|      43 |     0.521752 |          0.51182  |         0.801454 |              0.802326 |
|      44 |     0.523027 |          0.514317 |         0.801454 |              0.802326 |
|      45 |     0.523185 |          0.507759 |         0.801454 |              0.802326 |
|      46 |     0.523029 |          0.516114 |         0.801454 |              0.802326 |
|      47 |     0.520029 |          0.519975 |         0.801454 |              0.802326 |
|      48 |     0.522559 |          0.510698 |         0.801454 |              0.802326 |
|      49 |     0.521654 |          0.512077 |         0.801454 |              0.802326 |
|      50 |     0.523417 |          0.511415 |         0.801454 |              0.802326 |
|      51 |     0.522547 |          0.511338 |         0.801454 |              0.802326 |
|      52 |     0.522259 |          0.51281  |         0.801454 |              0.802326 |
|      53 |     0.519454 |          0.519732 |         0.801454 |              0.802326 |
|      54 |     0.520669 |          0.512919 |         0.801454 |              0.802326 |
|      55 |     0.525491 |          0.521824 |         0.801454 |              0.802326 |
|      56 |     0.521796 |          0.512825 |         0.801454 |              0.802326 |
|      57 |     0.519369 |          0.510142 |         0.801454 |              0.802326 |
|      58 |     0.521812 |          0.519269 |         0.801454 |              0.802326 |
|      59 |     0.522711 |          0.510048 |         0.801454 |              0.802326 |
|      60 |     0.521693 |          0.518522 |         0.801454 |              0.802326 |
|      61 |     0.520682 |          0.521437 |         0.801454 |              0.802326 |
|      62 |     0.521781 |          0.517802 |         0.801454 |              0.802326 |
|      63 |     0.520803 |          0.510051 |         0.801454 |              0.802326 |
|      64 |     0.521917 |          0.513203 |         0.801454 |              0.802326 |
|      65 |     0.522123 |          0.509051 |         0.801454 |              0.802326 |
|      66 |     0.520074 |          0.51506  |         0.801454 |              0.802326 |
|      67 |     0.519096 |          0.50827  |         0.801454 |              0.802326 |
|      68 |     0.522036 |          0.511517 |         0.801454 |              0.802326 |
|      69 |     0.520495 |          0.513184 |         0.801454 |              0.802326 |
|      70 |     0.521483 |          0.516054 |         0.801454 |              0.802326 |
|      71 |     0.52188  |          0.514501 |         0.801454 |              0.802326 |
|      72 |     0.521542 |          0.513412 |         0.801454 |              0.802326 |
|      73 |     0.523124 |          0.512111 |         0.801454 |              0.802326 |
|      74 |     0.521835 |          0.507665 |         0.801454 |              0.802326 |
|      75 |     0.51898  |          0.506221 |         0.801454 |              0.802326 |
|      76 |     0.520963 |          0.515089 |         0.801454 |              0.802326 |
|      77 |     0.519787 |          0.511993 |         0.801454 |              0.802326 |
|      78 |     0.522518 |          0.516201 |         0.801454 |              0.802326 |
|      79 |     0.520538 |          0.505796 |         0.801454 |              0.802326 |
|      80 |     0.51893  |          0.51611  |         0.801454 |              0.802326 |
|      81 |     0.521342 |          0.508854 |         0.801454 |              0.802326 |
|      82 |     0.519827 |          0.516993 |         0.801454 |              0.802326 |
|      83 |     0.518465 |          0.507951 |         0.801454 |              0.802326 |
|      84 |     0.519567 |          0.511133 |         0.801454 |              0.802326 |
|      85 |     0.519888 |          0.517427 |         0.801454 |              0.802326 |
|      86 |     0.518999 |          0.514687 |         0.801454 |              0.802326 |
|      87 |     0.519701 |          0.515586 |         0.801454 |              0.802326 |
|      88 |     0.519659 |          0.515041 |         0.801454 |              0.802326 |
|      89 |     0.520406 |          0.523676 |         0.801454 |              0.802326 |
|      90 |     0.521642 |          0.513087 |         0.801454 |              0.802326 |
|      91 |     0.521434 |          0.517543 |         0.801454 |              0.802326 |
|      92 |     0.519571 |          0.514322 |         0.801454 |              0.802326 |
|      93 |     0.519272 |          0.513217 |         0.801454 |              0.802326 |
|      94 |     0.523227 |          0.512291 |         0.801454 |              0.802326 |
|      95 |     0.519833 |          0.515613 |         0.801454 |              0.802326 |
|      96 |     0.518391 |          0.518251 |         0.801454 |              0.802326 |
|      97 |     0.518862 |          0.509459 |         0.801454 |              0.802326 |
|      98 |     0.518771 |          0.525181 |         0.801454 |              0.802326 |
|      99 |     0.520584 |          0.506506 |         0.801454 |              0.802326 |
|     100 |     0.519102 |          0.518253 |         0.801454 |              0.802326 |

########## Model 8 ##########

Test Accuracy: 75.1311647429171


|   Epoch |   Train Loss |   Validation Loss |   Train Accuracy |   Validation Accuracy |
|---------|--------------|-------------------|------------------|-----------------------|
|       1 |     1.50379  |          0.972007 |         0.674798 |              0.671835 |
|       2 |     0.882372 |          0.82572  |         0.699031 |              0.699612 |
|       3 |     0.811611 |          0.804968 |         0.725202 |              0.72739  |
|       4 |     0.841287 |          0.978159 |         0.650727 |              0.650517 |
|       5 |     0.827199 |          0.78987  |         0.717771 |              0.722868 |
|       6 |     0.832735 |          0.772236 |         0.741519 |              0.740956 |
|       7 |     0.775335 |          0.833004 |         0.750081 |              0.748062 |
|       8 |     0.773566 |          0.758077 |         0.746365 |              0.750646 |
|       9 |     0.767778 |          0.766528 |         0.743619 |              0.742248 |
|      10 |     0.759829 |          0.757265 |         0.75315  |              0.755168 |
|      11 |     0.759502 |          0.793582 |         0.750081 |              0.748062 |
|      12 |     0.760175 |          0.757411 |         0.749919 |              0.747416 |
|      13 |     0.758897 |          0.760898 |         0.726656 |              0.728682 |
|      14 |     0.761531 |          0.73197  |         0.75315  |              0.755168 |
|      15 |     0.702705 |          0.698507 |         0.752827 |              0.75646  |
|      16 |     0.69632  |          0.694785 |         0.744911 |              0.744832 |
|      17 |     0.695635 |          0.692194 |         0.75315  |              0.755168 |
|      18 |     0.696116 |          0.694993 |         0.752827 |              0.75646  |
|      19 |     0.694732 |          0.705025 |         0.737157 |              0.73708  |
|      20 |     0.693157 |          0.690944 |         0.75315  |              0.755168 |
|      21 |     0.692931 |          0.699485 |         0.746365 |              0.750646 |
|      22 |     0.694841 |          0.688485 |         0.749919 |              0.747416 |
|      23 |     0.690953 |          0.707327 |         0.74475  |              0.744186 |
|      24 |     0.708517 |          0.731757 |         0.71567  |              0.712532 |
|      25 |     0.712297 |          0.70836  |         0.752666 |              0.755814 |
|      26 |     0.698912 |          0.703938 |         0.752666 |              0.755814 |
|      27 |     0.695858 |          0.694575 |         0.746365 |              0.750646 |
|      28 |     0.693582 |          0.702616 |         0.749919 |              0.747416 |
|      29 |     0.689277 |          0.692476 |         0.752989 |              0.754522 |
|      30 |     0.691018 |          0.692867 |         0.749919 |              0.747416 |
|      31 |     0.688973 |          0.694792 |         0.749919 |              0.747416 |
|      32 |     0.687986 |          0.702347 |         0.752666 |              0.755814 |
|      33 |     0.690708 |          0.691792 |         0.749919 |              0.747416 |
|      34 |     0.690038 |          0.704195 |         0.752666 |              0.755814 |
|      35 |     0.690395 |          0.690851 |         0.752666 |              0.755814 |
|      36 |     0.694156 |          0.696676 |         0.744265 |              0.749354 |
|      37 |     0.689059 |          0.703829 |         0.750081 |              0.748062 |
|      38 |     0.688155 |          0.703082 |         0.752989 |              0.754522 |
|      39 |     0.687977 |          0.694699 |         0.749919 |              0.747416 |
|      40 |     0.692224 |          0.693207 |         0.744265 |              0.749354 |
|      41 |     0.693871 |          0.698432 |         0.741519 |              0.740956 |
|      42 |     0.689401 |          0.696523 |         0.752666 |              0.755814 |
|      43 |     0.689515 |          0.694493 |         0.752989 |              0.754522 |
|      44 |     0.688338 |          0.695303 |         0.752666 |              0.755814 |
|      45 |     0.687285 |          0.689287 |         0.749596 |              0.748708 |
|      46 |     0.687939 |          0.697774 |         0.752989 |              0.754522 |
|      47 |     0.689991 |          0.696654 |         0.752989 |              0.754522 |
|      48 |     0.688545 |          0.700482 |         0.752666 |              0.755814 |
|      49 |     0.68747  |          0.695555 |         0.752989 |              0.754522 |
|      50 |     0.687795 |          0.69029  |         0.752989 |              0.754522 |
|      51 |     0.686768 |          0.701325 |         0.749919 |              0.747416 |
|      52 |     0.688083 |          0.689003 |         0.749919 |              0.747416 |
|      53 |     0.691453 |          0.702794 |         0.749919 |              0.747416 |
|      54 |     0.68795  |          0.693423 |         0.749919 |              0.747416 |
|      55 |     0.689553 |          0.694353 |         0.752989 |              0.754522 |
|      56 |     0.689656 |          0.695626 |         0.752666 |              0.755814 |
|      57 |     0.687099 |          0.686217 |         0.752666 |              0.755814 |
|      58 |     0.689956 |          0.69543  |         0.749919 |              0.747416 |
|      59 |     0.689011 |          0.693192 |         0.752989 |              0.754522 |
|      60 |     0.689278 |          0.698795 |         0.726494 |              0.728036 |
|      61 |     0.688186 |          0.694839 |         0.752666 |              0.755814 |
|      62 |     0.688403 |          0.693089 |         0.752989 |              0.754522 |
|      63 |     0.687933 |          0.691655 |         0.752989 |              0.754522 |
|      64 |     0.689249 |          0.692577 |         0.752989 |              0.754522 |
|      65 |     0.687116 |          0.689815 |         0.752666 |              0.755814 |
|      66 |     0.692614 |          0.69223  |         0.746365 |              0.750646 |
|      67 |     0.69011  |          0.691094 |         0.752989 |              0.754522 |
|      68 |     0.691705 |          0.695197 |         0.749919 |              0.747416 |
|      69 |     0.688685 |          0.686319 |         0.752989 |              0.754522 |
|      70 |     0.690087 |          0.687608 |         0.752666 |              0.755814 |
|      71 |     0.686482 |          0.69915  |         0.726494 |              0.728036 |
|      72 |     0.688853 |          0.691231 |         0.752989 |              0.754522 |
|      73 |     0.686805 |          0.687903 |         0.752666 |              0.755814 |
|      74 |     0.686749 |          0.68556  |         0.752666 |              0.755814 |
|      75 |     0.686852 |          0.689971 |         0.749919 |              0.747416 |
|      76 |     0.68691  |          0.69331  |         0.752666 |              0.755814 |
|      77 |     0.68602  |          0.689214 |         0.746365 |              0.750646 |
|      78 |     0.690818 |          0.683634 |         0.752666 |              0.755814 |
|      79 |     0.68693  |          0.688428 |         0.752666 |              0.755814 |
|      80 |     0.687047 |          0.693927 |         0.752989 |              0.754522 |
|      81 |     0.686585 |          0.690625 |         0.752989 |              0.754522 |
|      82 |     0.68789  |          0.692136 |         0.752666 |              0.755814 |
|      83 |     0.686809 |          0.688297 |         0.752989 |              0.754522 |
|      84 |     0.686027 |          0.687928 |         0.752666 |              0.755814 |
|      85 |     0.686497 |          0.687113 |         0.749919 |              0.747416 |
|      86 |     0.689444 |          0.689431 |         0.752666 |              0.755814 |
|      87 |     0.684636 |          0.691329 |         0.749919 |              0.747416 |
|      88 |     0.68752  |          0.692373 |         0.752989 |              0.754522 |
|      89 |     0.686445 |          0.694125 |         0.752666 |              0.755814 |
|      90 |     0.685945 |          0.688943 |         0.749919 |              0.747416 |
|      91 |     0.686294 |          0.688026 |         0.752666 |              0.755814 |
|      92 |     0.685623 |          0.701967 |         0.752989 |              0.754522 |
|      93 |     0.688117 |          0.686735 |         0.752666 |              0.755814 |
|      94 |     0.687923 |          0.692175 |         0.752666 |              0.755814 |
|      95 |     0.685321 |          0.695299 |         0.752666 |              0.755814 |
|      96 |     0.689265 |          0.689758 |         0.749919 |              0.747416 |
|      97 |     0.686928 |          0.699046 |         0.752989 |              0.754522 |
|      98 |     0.685959 |          0.688974 |         0.752666 |              0.755814 |
|      99 |     0.685967 |          0.690414 |         0.749919 |              0.747416 |
|     100 |     0.686999 |          0.69318  |         0.752989 |              0.754522 |

########## Model 9 ##########

Test Accuracy: 78.09548793284365


|   Epoch |   Train Loss |   Validation Loss |   Train Accuracy |   Validation Accuracy |
|---------|--------------|-------------------|------------------|-----------------------|
|       1 |     1.45667  |          1.06879  |         0.646204 |              0.644703 |
|       2 |     1.02815  |          1.01886  |         0.677544 |              0.667959 |
|       3 |     0.931416 |          0.877537 |         0.750404 |              0.75     |
|       4 |     0.838233 |          0.815474 |         0.785137 |              0.777132 |
|       5 |     0.805234 |          0.824019 |         0.785137 |              0.777132 |
|       6 |     0.796554 |          0.806071 |         0.788207 |              0.784238 |
|       7 |     0.78388  |          0.810251 |         0.785137 |              0.777132 |
|       8 |     0.789286 |          0.806695 |         0.787722 |              0.783592 |
|       9 |     0.782852 |          0.808994 |         0.787399 |              0.784884 |
|      10 |     0.791953 |          0.798273 |         0.788207 |              0.784238 |
|      11 |     0.782531 |          0.796692 |         0.787884 |              0.78553  |
|      12 |     0.786462 |          0.809357 |         0.785137 |              0.777132 |
|      13 |     0.785367 |          0.797233 |         0.788207 |              0.784238 |
|      14 |     0.780699 |          0.819327 |         0.784653 |              0.776486 |
|      15 |     0.779965 |          0.79736  |         0.788207 |              0.784238 |
|      16 |     0.783274 |          0.792595 |         0.788207 |              0.784238 |
|      17 |     0.782257 |          0.815464 |         0.788207 |              0.784238 |
|      18 |     0.779123 |          0.792897 |         0.788207 |              0.784238 |
|      19 |     0.782017 |          0.793961 |         0.788207 |              0.784238 |
|      20 |     0.780332 |          0.787768 |         0.785137 |              0.777132 |
|      21 |     0.777319 |          0.78863  |         0.787884 |              0.78553  |
|      22 |     0.781134 |          0.796377 |         0.787399 |              0.784884 |
|      23 |     0.784093 |          0.793868 |         0.787884 |              0.78553  |
|      24 |     0.77932  |          0.798445 |         0.787884 |              0.78553  |
|      25 |     0.779224 |          0.786584 |         0.787722 |              0.783592 |
|      26 |     0.784646 |          0.815955 |         0.785137 |              0.777132 |
|      27 |     0.777759 |          0.793759 |         0.785137 |              0.777132 |
|      28 |     0.774405 |          0.792987 |         0.787884 |              0.78553  |
|      29 |     0.778216 |          0.799404 |         0.787722 |              0.783592 |
|      30 |     0.777312 |          0.796489 |         0.787399 |              0.784884 |
|      31 |     0.778918 |          0.806917 |         0.787884 |              0.78553  |
|      32 |     0.779387 |          0.797628 |         0.787722 |              0.783592 |
|      33 |     0.775874 |          0.800667 |         0.787884 |              0.78553  |
|      34 |     0.77757  |          0.784872 |         0.785137 |              0.777132 |
|      35 |     0.777141 |          0.798107 |         0.785137 |              0.777132 |
|      36 |     0.777824 |          0.794284 |         0.787884 |              0.78553  |
|      37 |     0.777388 |          0.793954 |         0.785137 |              0.777132 |
|      38 |     0.776605 |          0.792088 |         0.787884 |              0.78553  |
|      39 |     0.775474 |          0.791153 |         0.787722 |              0.783592 |
|      40 |     0.778309 |          0.790514 |         0.787399 |              0.784884 |
|      41 |     0.779234 |          0.784205 |         0.787884 |              0.78553  |
|      42 |     0.776789 |          0.795648 |         0.787722 |              0.783592 |
|      43 |     0.778804 |          0.80133  |         0.787399 |              0.784884 |
|      44 |     0.781491 |          0.787376 |         0.785137 |              0.777132 |
|      45 |     0.774723 |          0.792738 |         0.785137 |              0.777132 |
|      46 |     0.777201 |          0.788876 |         0.785137 |              0.777132 |
|      47 |     0.775771 |          0.798573 |         0.787884 |              0.78553  |
|      48 |     0.775966 |          0.785313 |         0.787884 |              0.78553  |
|      49 |     0.775075 |          0.792929 |         0.787722 |              0.783592 |
|      50 |     0.776077 |          0.803548 |         0.773506 |              0.76615  |
|      51 |     0.775156 |          0.788238 |         0.787884 |              0.78553  |
|      52 |     0.773918 |          0.788117 |         0.787399 |              0.784884 |
|      53 |     0.777173 |          0.792635 |         0.787884 |              0.78553  |
|      54 |     0.774329 |          0.788592 |         0.788207 |              0.784238 |
|      55 |     0.778215 |          0.78607  |         0.787884 |              0.78553  |
|      56 |     0.775249 |          0.79111  |         0.787399 |              0.784884 |
|      57 |     0.777478 |          0.788985 |         0.787884 |              0.78553  |
|      58 |     0.775099 |          0.807817 |         0.784653 |              0.776486 |
|      59 |     0.775237 |          0.798911 |         0.785137 |              0.777132 |
|      60 |     0.773463 |          0.80597  |         0.787884 |              0.78553  |
|      61 |     0.776455 |          0.786018 |         0.788207 |              0.784238 |
|      62 |     0.773877 |          0.786362 |         0.787399 |              0.784884 |
|      63 |     0.774006 |          0.792131 |         0.787884 |              0.78553  |
|      64 |     0.775237 |          0.793519 |         0.788207 |              0.784238 |
|      65 |     0.774359 |          0.790466 |         0.787884 |              0.78553  |
|      66 |     0.775248 |          0.787348 |         0.787399 |              0.784884 |
|      67 |     0.774789 |          0.792843 |         0.785137 |              0.777132 |
|      68 |     0.776968 |          0.795125 |         0.785137 |              0.777132 |
|      69 |     0.774586 |          0.798431 |         0.787884 |              0.78553  |
|      70 |     0.775288 |          0.794742 |         0.788207 |              0.784238 |
|      71 |     0.774309 |          0.7958   |         0.787884 |              0.78553  |
|      72 |     0.773164 |          0.789206 |         0.787722 |              0.783592 |
|      73 |     0.909336 |          0.813262 |         0.787884 |              0.78553  |
|      74 |     0.785581 |          0.791812 |         0.788207 |              0.784238 |
|      75 |     0.788735 |          0.803685 |         0.788207 |              0.784238 |
|      76 |     0.800864 |          0.848276 |         0.787884 |              0.78553  |
|      77 |     0.818335 |          0.790243 |         0.788207 |              0.784238 |
|      78 |     0.790508 |          0.789643 |         0.785137 |              0.777132 |
|      79 |     0.784643 |          0.79558  |         0.787884 |              0.78553  |
|      80 |     0.77535  |          0.801413 |         0.788207 |              0.784238 |
|      81 |     0.777164 |          0.790153 |         0.787884 |              0.78553  |
|      82 |     0.776394 |          0.791618 |         0.787884 |              0.78553  |
|      83 |     0.775736 |          0.789948 |         0.785137 |              0.777132 |
|      84 |     0.774894 |          0.790364 |         0.785137 |              0.777132 |
|      85 |     0.775522 |          0.792397 |         0.785137 |              0.777132 |
|      86 |     0.774524 |          0.792313 |         0.785137 |              0.777132 |
|      87 |     0.775267 |          0.788534 |         0.788207 |              0.784238 |
|      88 |     0.788787 |          0.799098 |         0.787884 |              0.78553  |
|      89 |     0.779398 |          0.792598 |         0.787884 |              0.78553  |
|      90 |     0.779972 |          0.789454 |         0.785137 |              0.777132 |
|      91 |     0.778602 |          0.797034 |         0.788207 |              0.784238 |
|      92 |     0.775099 |          0.791667 |         0.788207 |              0.784238 |
|      93 |     0.77696  |          0.798228 |         0.785137 |              0.777132 |
|      94 |     0.780068 |          0.79652  |         0.787399 |              0.784884 |
|      95 |     0.778025 |          0.78576  |         0.788207 |              0.784238 |
|      96 |     0.773973 |          0.789686 |         0.787884 |              0.78553  |
|      97 |     0.774134 |          0.804634 |         0.783522 |              0.781008 |
|      98 |     0.781514 |          0.792612 |         0.788207 |              0.784238 |
|      99 |     0.772803 |          0.793854 |         0.788207 |              0.784238 |
|     100 |     0.776554 |          0.79556  |         0.788207 |              0.784238 |

########## Model 10 ##########

Test Accuracy: 71.79958027282267


|   Epoch |   Train Loss |   Validation Loss |   Train Accuracy |   Validation Accuracy |
|---------|--------------|-------------------|------------------|-----------------------|
|       1 |     1.64916  |          1.13209  |         0.570275 |              0.574289 |
|       2 |     1.11263  |          1.10004  |         0.592407 |              0.584625 |
|       3 |     1.02937  |          0.946038 |         0.683683 |              0.680233 |
|       4 |     0.928617 |          0.903087 |         0.694184 |              0.697028 |
|       5 |     0.897545 |          0.895467 |         0.720679 |              0.723514 |
|       6 |     0.892162 |          0.874528 |         0.720679 |              0.723514 |
|       7 |     0.884473 |          0.886821 |         0.720679 |              0.723514 |
|       8 |     0.880726 |          0.885298 |         0.720679 |              0.723514 |
|       9 |     0.882052 |          0.86799  |         0.720679 |              0.723514 |
|      10 |     0.880864 |          0.875151 |         0.720679 |              0.723514 |
|      11 |     0.880377 |          0.941116 |         0.720679 |              0.723514 |
|      12 |     0.879857 |          0.873245 |         0.720679 |              0.723514 |
|      13 |     0.880237 |          0.875472 |         0.720679 |              0.723514 |
|      14 |     0.879048 |          0.877583 |         0.720679 |              0.723514 |
|      15 |     0.879033 |          0.877736 |         0.720679 |              0.723514 |
|      16 |     0.879141 |          0.867917 |         0.720679 |              0.723514 |
|      17 |     0.878907 |          0.873265 |         0.720679 |              0.723514 |
|      18 |     0.875974 |          0.871813 |         0.720679 |              0.723514 |
|      19 |     0.878261 |          0.867256 |         0.720679 |              0.723514 |
|      20 |     0.87611  |          0.871056 |         0.720679 |              0.723514 |
|      21 |     0.875743 |          0.870553 |         0.720679 |              0.723514 |
|      22 |     0.878228 |          0.876408 |         0.720679 |              0.723514 |
|      23 |     0.889246 |          0.867996 |         0.720679 |              0.723514 |
|      24 |     0.876971 |          0.868934 |         0.720679 |              0.723514 |
|      25 |     0.876997 |          0.872268 |         0.720679 |              0.723514 |
|      26 |     0.860868 |          0.856668 |         0.720679 |              0.723514 |
|      27 |     0.857738 |          0.862491 |         0.720679 |              0.723514 |
|      28 |     0.857034 |          0.853174 |         0.720679 |              0.723514 |
|      29 |     0.852987 |          0.853325 |         0.720679 |              0.723514 |
|      30 |     0.856113 |          0.854626 |         0.720679 |              0.723514 |
|      31 |     0.854022 |          0.850409 |         0.720679 |              0.723514 |
|      32 |     0.855367 |          0.853756 |         0.720679 |              0.723514 |
|      33 |     0.852444 |          0.850968 |         0.720679 |              0.723514 |
|      34 |     0.853684 |          0.853807 |         0.720679 |              0.723514 |
|      35 |     0.856748 |          0.857236 |         0.720679 |              0.723514 |
|      36 |     0.853347 |          0.850313 |         0.720679 |              0.723514 |
|      37 |     0.851138 |          0.851671 |         0.720679 |              0.723514 |
|      38 |     0.852272 |          0.851888 |         0.720194 |              0.722868 |
|      39 |     0.852817 |          0.857678 |         0.720679 |              0.723514 |
|      40 |     0.852162 |          0.853403 |         0.720679 |              0.723514 |
|      41 |     0.852748 |          0.855557 |         0.720679 |              0.723514 |
|      42 |     0.852044 |          0.847989 |         0.720679 |              0.723514 |
|      43 |     0.863137 |          0.858015 |         0.720679 |              0.723514 |
|      44 |     0.855748 |          0.854905 |         0.720679 |              0.723514 |
|      45 |     0.853398 |          0.85251  |         0.720679 |              0.723514 |
|      46 |     0.856044 |          0.847729 |         0.720679 |              0.723514 |
|      47 |     0.854248 |          0.858344 |         0.720679 |              0.723514 |
|      48 |     0.852415 |          0.852247 |         0.720679 |              0.723514 |
|      49 |     0.852909 |          0.850293 |         0.720679 |              0.723514 |
|      50 |     0.852839 |          0.845694 |         0.720679 |              0.723514 |
|      51 |     0.852805 |          0.85012  |         0.720679 |              0.723514 |
|      52 |     0.853146 |          0.858799 |         0.720679 |              0.723514 |
|      53 |     0.853459 |          0.857667 |         0.720679 |              0.723514 |
|      54 |     0.853108 |          0.848934 |         0.720679 |              0.723514 |
|      55 |     0.852014 |          0.861395 |         0.720679 |              0.723514 |
|      56 |     0.856237 |          0.850262 |         0.720679 |              0.723514 |
|      57 |     0.853661 |          0.850709 |         0.720679 |              0.723514 |
|      58 |     0.852479 |          0.848526 |         0.720679 |              0.723514 |
|      59 |     0.852821 |          0.850973 |         0.720679 |              0.723514 |
|      60 |     0.853425 |          0.845188 |         0.720679 |              0.723514 |
|      61 |     0.85179  |          0.852535 |         0.720679 |              0.723514 |
|      62 |     0.852815 |          0.844124 |         0.720679 |              0.723514 |
|      63 |     0.852655 |          0.854584 |         0.720679 |              0.723514 |
|      64 |     0.851775 |          0.851247 |         0.720679 |              0.723514 |
|      65 |     0.852706 |          0.851728 |         0.720679 |              0.723514 |
|      66 |     0.852413 |          0.852985 |         0.720679 |              0.723514 |
|      67 |     0.850921 |          0.858637 |         0.694184 |              0.697028 |
|      68 |     0.852611 |          0.849135 |         0.720194 |              0.722868 |
|      69 |     0.851548 |          0.857053 |         0.720679 |              0.723514 |
|      70 |     0.858721 |          0.856649 |         0.720679 |              0.723514 |
|      71 |     0.852962 |          0.852572 |         0.720679 |              0.723514 |
|      72 |     0.855576 |          0.845342 |         0.720679 |              0.723514 |
|      73 |     0.853745 |          0.858503 |         0.720679 |              0.723514 |
|      74 |     0.851448 |          0.858071 |         0.720679 |              0.723514 |
|      75 |     0.853173 |          0.864507 |         0.720679 |              0.723514 |
|      76 |     0.851589 |          0.84953  |         0.720679 |              0.723514 |
|      77 |     0.851118 |          0.849434 |         0.720679 |              0.723514 |
|      78 |     0.852239 |          0.857387 |         0.720679 |              0.723514 |
|      79 |     0.85279  |          0.856086 |         0.720679 |              0.723514 |
|      80 |     0.851933 |          0.85221  |         0.720679 |              0.723514 |
|      81 |     0.851229 |          0.857145 |         0.720679 |              0.723514 |
|      82 |     0.852814 |          0.855447 |         0.720679 |              0.723514 |
|      83 |     0.852106 |          0.85734  |         0.720679 |              0.723514 |
|      84 |     0.850723 |          0.857251 |         0.720679 |              0.723514 |
|      85 |     0.85288  |          0.852477 |         0.720679 |              0.723514 |
|      86 |     0.850973 |          0.84599  |         0.720679 |              0.723514 |
|      87 |     0.851515 |          0.864482 |         0.720679 |              0.723514 |
|      88 |     0.850801 |          0.855973 |         0.720679 |              0.723514 |
|      89 |     0.853012 |          0.846486 |         0.720679 |              0.723514 |
|      90 |     0.852071 |          0.862135 |         0.720679 |              0.723514 |
|      91 |     0.848781 |          0.857896 |         0.720679 |              0.723514 |
|      92 |     0.851466 |          0.846125 |         0.720679 |              0.723514 |
|      93 |     0.851894 |          0.846904 |         0.720679 |              0.723514 |
|      94 |     0.853235 |          0.861147 |         0.720679 |              0.723514 |
|      95 |     0.849584 |          0.859619 |         0.720679 |              0.723514 |
|      96 |     0.850255 |          0.845018 |         0.720679 |              0.723514 |
|      97 |     0.850987 |          0.849842 |         0.720679 |              0.723514 |
|      98 |     0.852377 |          0.854741 |         0.720679 |              0.723514 |
|      99 |     0.851395 |          0.851579 |         0.720679 |              0.723514 |
|     100 |     0.850315 |          0.85128  |         0.720679 |              0.723514 |

